Energies: [-76.3241542  -76.32292912 -76.32671821 -76.32531184 -76.32599445]
Gradients:
[[[-0.11484956 -0.03523121 -0.04245053]
  [ 0.11096017  0.00587404  0.01149877]
  [ 0.00388939  0.02935718  0.03095177]]

 [[-0.03953736 -0.05795348 -0.01806574]
  [ 0.05282159  0.01753203  0.03684023]
  [-0.01328423  0.04042146 -0.01877449]]

 [[ 0.03090236 -0.02484655  0.01782662]
  [-0.00947057  0.02565995 -0.01650325]
  [-0.02143179 -0.0008134  -0.00132336]]

 [[ 0.00471686 -0.00836456 -0.00939449]
  [ 0.01833775 -0.01748779  0.01724562]
  [-0.0230546   0.02585235 -0.00785114]]

 [[-0.01549389 -0.02776722 -0.00489822]
  [ 0.02103945  0.0088576   0.01495766]
  [-0.00554556  0.01890962 -0.01005944]]]
Calculations took 5.3 seconds
