 -1.0
 -0.20298912723159D+01  0.61573117396424D+00  0.20762062935128D+01  0.11909980759737D-03 -0.38748407426840D-03 -0.23459904130374D-04
 -0.22081681757807D+01  0.41598773262935D+00  0.26070291534739D+00  0.72676444098125D-03 -0.69875628655178D-03 -0.52323064702411D-03
 -0.30293353093552D+00  0.25060666148303D+00  0.26077033506753D+01 -0.13400311138706D-03 -0.14744127947778D-03 -0.31848194877047D-03
  0.13480387211093D+02 -0.30262472615928D+01 -0.40166114436140D+01 -0.24682280176851D-04 -0.26479175754481D-03  0.68243888427366D-04
  0.14561613462436D+02 -0.27297194510850D+01 -0.54221826546293D+01 -0.69472488940803D-03  0.11759906858736D-03 -0.40809355866755D-03
  0.14155849574745D+02 -0.18316235902412D+01 -0.17641601985440D+01 -0.27280399137201D-05  0.84390563634124D-04 -0.33861652428856D-03
  0.16182081428735D+02 -0.18780047525171D+01 -0.10007341415129D+01  0.21811563601034D-02 -0.51183119505737D-03 -0.21906537780131D-03
  0.12786461881849D+02 -0.24858840102245D+01 -0.24085780023742D+00  0.81426382250424D-03 -0.95962772343328D-04  0.67021773117865D-04
  0.13770443639183D+02  0.11500146310251D+00 -0.15175790899974D+01  0.71693776878813D-03 -0.12130500227530D-02 -0.13645250497231D-02
 -0.14830180064633D+02  0.55691895233914D+01 -0.12828332776788D+02  0.34833524568421D-03  0.11485678813984D-03 -0.21568998231158D-04
 -0.14064267404474D+02  0.64466056719105D+01 -0.11266849959181D+02 -0.11821165317114D-02 -0.12897172612023D-03  0.28115594802902D-03
 -0.17430248704175D+02  0.51057240434013D+01 -0.12516830130222D+02  0.13522085653042D-03  0.54513845689312D-03  0.22248405514331D-03
 -0.18015953369339D+02  0.40465633850749D+01 -0.14243658514094D+02  0.66451173263671D-03  0.92289253385670D-04 -0.13874586446372D-02
 -0.18794072736544D+02  0.67162941893335D+01 -0.12250018961934D+02 -0.91502083582222D-03  0.11527083612301D-03 -0.11678159525225D-02
 -0.17738985755317D+02  0.34452924056573D+01 -0.11199086339854D+02 -0.11013294579385D-02 -0.22103423500444D-03 -0.40980941673351D-03
  0.61691022119400D+00  0.11272907872533D+02 -0.17253967383908D+02 -0.58841651838413D-04 -0.69143574112352D-03  0.26658508713968D-04
 -0.12142075458123D+00  0.10390431581123D+02 -0.15812815948613D+02  0.96502071804627D-03  0.34321883992918D-03  0.47586600913739D-03
  0.29997165115506D+01  0.11994828960916D+02 -0.16454262847376D+02 -0.14179835378402D-03  0.32947565998098D-03  0.85952328381754D-04
  0.40011436224492D+01  0.12531459824936D+02 -0.18213731067170D+02 -0.18808611689560D-04  0.47227354307246D-03 -0.11735092656158D-02
  0.41583832463896D+01  0.10253826059989D+02 -0.15422545727614D+02  0.18367270320185D-03 -0.59995662040313D-03  0.46962003060075D-03
  0.29439708592846D+01  0.13632192315039D+02 -0.15367085398185D+02 -0.80606102270164D-03 -0.16003306731007D-02  0.96111491950879D-03
 -0.38283365481694D-01  0.17354818687360D+02  0.80471265820191D+01  0.24591216700292D-03 -0.57851012439770D-03  0.99791106144686D-04
 -0.60902045870625D+00  0.16661466936892D+02  0.64380990769351D+01 -0.15935467042654D-02 -0.97548832062004D-03 -0.23170163065069D-04
  0.12926720171653D+01  0.19634135121340D+02  0.76675224496704D+01  0.22505252853452D-03  0.69865426359349D-03 -0.10453217455368D-03
  0.28009689879452D+00  0.20941052338179D+02  0.66595129614905D+01  0.20724768345827D-03 -0.67149216938259D-03  0.10137660158225D-02
  0.33465484544691D+01  0.19367045340318D+02  0.68426672312344D+01 -0.23882213032495D-02 -0.24820135829909D-02  0.24022516349462D-03
  0.16795523286276D+01  0.20416231507177D+02  0.96061789406747D+01 -0.12136502178963D-03  0.51344819510876D-04  0.27217524696201D-03
  0.13554102362156D+02 -0.95107155562007D+00  0.14116495905585D+02 -0.95692458018206D-06 -0.41546464555056D-03 -0.47365313439956D-03
  0.12815325971005D+02 -0.16640288337754D+01  0.12656742235040D+02  0.68458042261926D-03 -0.17724855437791D-03  0.86083193512350D-04
  0.13670530776080D+02 -0.23461245403115D+01  0.16312116037525D+02 -0.42784427337767D-03  0.18434441132517D-03  0.14891895158519D-03
  0.14718815611078D+02 -0.41964794919635D+01  0.15874360703808D+02  0.10460677770564D-02  0.67645483510076D-03  0.50279136588109D-03
  0.11712430742877D+02 -0.29364558071741D+01  0.16588712996171D+02 -0.16545392357631D-03  0.35240354333606D-03  0.79529377305387D-03
  0.14235996806502D+02 -0.12535401076903D+01  0.17901637323965D+02 -0.45480859348429D-03  0.14586605181585D-02 -0.59772716485881D-03
  0.13746316917838D+02 -0.13256558121409D+02 -0.26048235705156D+01 -0.13144383769761D-03 -0.64919236943947D-04 -0.10175920710842D-03
  0.13176927480700D+02 -0.12002678138313D+02 -0.13124826527297D+01  0.35584458317596D-03 -0.10852293381381D-02 -0.36277626269859D-03
  0.12415949493882D+02 -0.15338640140880D+02 -0.21905293349108D+01  0.28573860895638D-03  0.52288898948987D-03  0.48266816221942D-04
  0.10246651486903D+02 -0.14902700871718D+02 -0.26614726975032D+01  0.44902748107652D-03  0.10123259483381D-02 -0.57355187647528D-03
  0.12789915980765D+02 -0.16163123659868D+02 -0.39666029953548D+00 -0.61734783729814D-03 -0.10030184976080D-03 -0.95981946332384D-03
  0.12816056036286D+02 -0.16629544385523D+02 -0.37117986923728D+01  0.30106074892470D-03  0.29644586170399D-03 -0.40048221171781D-03
 -0.57835764613805D+00 -0.58472572794436D+01 -0.11032900001021D+02  0.72943546169677D-04  0.36588898973655D-03 -0.21244619591016D-03
 -0.12834564668716D+01 -0.72815057557275D+01 -0.11990101247018D+02  0.10574691809164D-02 -0.12220762102447D-02 -0.33809929632339D-03
  0.21019843866387D+01 -0.53036825606264D+01 -0.11559218065725D+02  0.11371434849112D-03  0.11472885866219D-03 -0.49916045235980D-03
  0.22493705002925D+01 -0.32955104497402D+01 -0.11289774924197D+02  0.17091685505736D-02  0.23903569106887D-02  0.17647775002381D-03
  0.27543138089008D+01 -0.56331401510584D+01 -0.13472983798478D+02 -0.14552011728488D-02 -0.15169683719005D-02 -0.71426163613632D-03
  0.33559178389662D+01 -0.62080788112018D+01 -0.10466600430332D+02 -0.13072092551253D-02  0.10877262959380D-02 -0.15254985793108D-02
  0.29583521489905D+01  0.20929702009132D+02 -0.13746254886166D+01  0.24427719278010D-03 -0.16728642342982D-03  0.33644525431547D-03
  0.39730763748125D+01  0.20552230690412D+02 -0.27400168769463D+01 -0.15332257005104D-02  0.19075665467455D-02  0.74957688549878D-03
  0.66795497703675D+00  0.22224908827354D+02 -0.20881896122715D+01 -0.27932041931848D-03  0.12118394714276D-03  0.84172581721527D-04
  0.79384717648218D+00  0.23471908792482D+02 -0.36712589771404D+01 -0.66612139328611D-03  0.10565442509322D-02  0.43305243414989D-03
  0.95418606263034D-01  0.23105451723706D+02 -0.36605670757597D+00  0.10243318349493D-02 -0.18113800415900D-02 -0.89084802012341D-03
 -0.74032047909798D+00  0.20734738926199D+02 -0.25653884135837D+01  0.52865004797594D-03  0.45944694473150D-03  0.74923750831754D-03
 -0.72696842334213D+01 -0.11621211293792D+01  0.17096142156130D+02  0.61729219460140D-03  0.26084370119403D-03  0.22901686053453D-04
 -0.84074935077351D+01  0.24924261510109D+00  0.16499993383860D+02 -0.10759084928468D-02 -0.32551624377013D-03 -0.19415293352262D-02
 -0.65231383865727D+01 -0.27024441123517D+01  0.15139876517106D+02  0.70995600518012D-04 -0.82915968686944D-04  0.46174568042325D-03
 -0.50607158625032D+01 -0.40575374226688D+01  0.15733124926658D+02  0.19984287943227D-02  0.59620102426532D-03 -0.75063044910414D-03
 -0.56339114119853D+01 -0.15720522153483D+01  0.13434523173174D+02 -0.17306583145840D-02 -0.16045677480627D-03 -0.92523751029733D-03
 -0.79955983131556D+01 -0.39425531913642D+01  0.14460841760153D+02  0.19619855706110D-03 -0.11287376291327D-02 -0.38397528429054D-03
  0.75659434134988D+00 -0.12656626435032D+02  0.93996444786236D+01  0.11945828677522D-03  0.56646798356584D-04 -0.53596743267968D-05
  0.37194458287792D+00 -0.10821004327852D+02  0.90082452372347D+01 -0.18645562431778D-02  0.11066005979415D-02  0.55916800222294D-03
 -0.12759947578178D+01 -0.13530565112892D+02  0.10941108179873D+02 -0.20377754411494D-03 -0.10444481489574D-03 -0.71151053669320D-04
 -0.27525854364077D+01 -0.14255913621765D+02  0.97398383856658D+01 -0.69119411136343D-03 -0.86228414857200D-03 -0.11056652892698D-03
 -0.18812717794488D+01 -0.12267746368012D+02  0.12382632610457D+02  0.48714347611646D-03 -0.58788331376797D-03  0.17422964743084D-02
 -0.64908146971399D+00 -0.15077457205586D+02  0.12207997435565D+02 -0.18886538241740D-03 -0.82467823742014D-03  0.14870333737807D-02
  0.84778698182170D+01 -0.71060642319508D+01  0.14610667009650D+02  0.21322220066664D-03  0.82513855852650D-05  0.12764294443905D-03
  0.72369441183211D+01 -0.59531864831863D+01  0.13880813946235D+02 -0.13990438101963D-03  0.37143388307526D-04 -0.29826373812891D-03
  0.74956531679323D+01 -0.82083716885385D+01  0.16812908053769D+02 -0.42536960295154D-03 -0.40064497187104D-04 -0.39213485985095D-03
  0.75551880760456D+01 -0.72650842413561D+01  0.18576708720356D+02 -0.28666415583646D-03 -0.11012164337071D-02  0.23343258072049D-05
  0.84726731307254D+01 -0.10037791357768D+02  0.17007900980291D+02 -0.73116625037129D-03 -0.17188945201787D-02 -0.15326869303367D-02
  0.54306433746359D+01 -0.85626419577230D+01  0.16401068009555D+02 -0.19363261728798D-02  0.11403909369243D-02  0.24320568074701D-02
 -0.49089078137659D+01  0.13322138207378D+02 -0.39440998381579D+01 -0.45177842037344D-05  0.26441240227937D-03  0.53128161365329D-04
 -0.49796379947276D+01  0.13257918703086D+02 -0.21098054230426D+01 -0.23274361472975D-02 -0.30907530879974D-03  0.63781128402259D-03
 -0.22268846743676D+01  0.13313384270199D+02 -0.45179713108628D+01 -0.82057899240791D-04 -0.28658320103516D-04 -0.36183035066500D-04
 -0.14797899724831D+01  0.15221940588335D+02 -0.42849538287613D+01 -0.16489502613773D-02  0.22715137319294D-03 -0.12500230443132D-03
 -0.16728352529611D+01  0.12753233677968D+02 -0.63952438204474D+01 -0.45045309765379D-03 -0.41534807691339D-04 -0.51023233883881D-04
 -0.10576176370315D+01  0.11883616496880D+02 -0.33501117108275D+01  0.33810077780615D-03 -0.95848486187673D-03  0.63552096764028D-03
  0.13428008406984D+02  0.84788416051734D+01 -0.25909159108393D+01 -0.22122351128752D-03  0.29567772748131D-03 -0.16784223652929D-03
  0.14278161134642D+02  0.92570808233264D+01 -0.13247240401617D+01 -0.35764159179869D-03 -0.21364928731762D-02  0.14540054986014D-03
  0.11196003105636D+02  0.98678659669984D+01 -0.30951681329069D+01 -0.35268394594390D-03  0.62377796088794D-03  0.38398164269695D-03
  0.10539863800416D+02  0.11072379249818D+02 -0.15405523033266D+01  0.15482165329783D-03  0.22188275483566D-03  0.47934696826628D-03
  0.97877906473365D+01  0.83415505159450D+01 -0.30214917727454D+01 -0.76476166732294D-03 -0.30332117423782D-03  0.15015228272065D-02
  0.11314679814696D+02  0.10738619139929D+02 -0.50808748416027D+01 -0.10504533840580D-02 -0.14292035687897D-02 -0.29736473621502D-02
 -0.10416009998111D+02  0.85710843753347D+01 -0.85576806989560D+01  0.18014717031113D-04  0.44769348850079D-05 -0.77458518360314D-04
 -0.11670338434124D+02  0.94757466533307D+01 -0.74820156630523D+01 -0.88711071406049D-03 -0.91699830336558D-03 -0.99374659464650D-03
 -0.85385940566863D+01  0.10423320084007D+02 -0.88834324789228D+01  0.54057602619496D-04  0.17267975204059D-03  0.19074190285418D-03
 -0.91556917562455D+01  0.11870996284889D+02 -0.99603411414457D+01  0.14074412763891D-02 -0.12834857678940D-02  0.12483754876988D-02
 -0.69491957436555D+01  0.93980093002974D+01 -0.99657789312715D+01  0.51659394233025D-03  0.77723188466244D-04 -0.14780612386095D-02
 -0.77757633299551D+01  0.11171503500600D+02 -0.70783608517842D+01  0.73914113820190D-03  0.15244926251073D-02  0.11024665693329D-03
 -0.44306211845317D+01  0.14531863369250D+02 -0.11276445811341D+02  0.10459047342747D-03 -0.43024380070975D-03  0.32288191547878D-04
 -0.60990976658619D+01  0.14353014912290D+02 -0.10643859652986D+02 -0.15910595853305D-03 -0.91576085438773D-03  0.19726333065472D-02
 -0.42331688401673D+01  0.13621727545651D+02 -0.13833411735195D+02  0.47146899805240D-04 -0.14062003579260D-03 -0.26830912747682D-03
 -0.59459601859504D+01  0.13917512079322D+02 -0.14814926093726D+02  0.10825089159262D-02  0.60569355185526D-03 -0.26051651618077D-02
 -0.39304434726458D+01  0.11429864006467D+02 -0.13672292245284D+02  0.93220273929501D-03 -0.60468714293969D-03  0.62815583483370D-03
 -0.26608739222553D+01  0.14814469588631D+02 -0.14782781098600D+02 -0.22451529014927D-03 -0.28423857451435D-03 -0.17921348718874D-02
 -0.91941623838784D+00 -0.67173308352479D+01  0.98559547136465D+01  0.32152815257209D-03 -0.26267089793436D-03  0.29458379447191D-03
 -0.14878707380368D+01 -0.52205840122171D+01  0.91036969349275D+01 -0.11582141230020D-02 -0.25036487886162D-02 -0.21009906984546D-03
 -0.11057114574132D+01 -0.62051002595603D+01  0.12354540106729D+02  0.22040176825456D-03 -0.61493230337358D-04 -0.30734350849212D-03
  0.20167800189466D+00 -0.46674729476631D+01  0.12848599883180D+02 -0.56690870929369D-03  0.13153758876205D-02  0.38035696096774D-03
 -0.48985549350962D+00 -0.77547747980810D+01  0.13447744016909D+02  0.10032201566942D-02 -0.23864017550187D-04  0.15585691937027D-03
 -0.30041067865464D+01 -0.55646952083358D+01  0.12870887094704D+02 -0.67268517430983D-03 -0.23092711370456D-02  0.55610630095926D-03
  0.77841740226093D+01  0.17981775581599D+02  0.42006325148242D+01  0.12300849582594D-03  0.96698058792625D-04  0.42981223841824D-04
  0.69004075080434D+01  0.18633589058180D+02  0.28280873356904D+01 -0.16346238034017D-02  0.23098452758629D-04 -0.31878509129694D-03
  0.89387355032484D+01  0.20178909020282D+02  0.50904779766491D+01  0.18528329011734D-03  0.57856830148078D-04 -0.10404172736824D-03
  0.87239408218328D+01  0.21770270702750D+02  0.37620638383395D+01  0.48560387689953D-03  0.10806570365396D-02  0.11815336280909D-02
  0.10956905884751D+02  0.19736042933515D+02  0.49239121190722D+01 -0.44518848705590D-03 -0.32704105971711D-03  0.12040216189704D-02
  0.81082249132481D+01  0.20919189572139D+02  0.68951603581576D+01  0.14503541976785D-02 -0.26567424921086D-02 -0.63275198043086D-03
 -0.16509417040837D+02  0.25393155613211D+01  0.30673402619989D+01  0.13475674589079D-03  0.61539777794317D-04  0.38926278632355D-03
 -0.14737497996933D+02  0.19121581036051D+01  0.31796211153846D+01  0.86884307465700D-03 -0.90207733796456D-03 -0.14303135346807D-02
 -0.18358813681500D+02  0.50776262611015D+00  0.35677748860071D+01 -0.10217937761236D-03 -0.92405233649099D-04 -0.43072473892886D-03
 -0.17767615508711D+02 -0.86105255953837D+00  0.49468433213061D+01 -0.41102932248690D-04 -0.19741496144200D-02 -0.65738292604706D-03
 -0.18993123348099D+02 -0.39788124198451D+00  0.17620237993987D+01 -0.79317803127130D-03  0.30619423480319D-03  0.33027632228336D-04
 -0.20056635538131D+02  0.13608024209783D+01  0.43383339872493D+01  0.26859168682973D-02  0.12054037722268D-02 -0.18578018087410D-02
 -0.59960950821469D+01 -0.11733573817528D+02 -0.13387989261577D+02  0.38785602197882D-03 -0.12425178517791D-03 -0.15559095023769D-04
 -0.45537453069861D+01 -0.11588232828797D+02 -0.12275428060539D+02 -0.30880309901712D-03 -0.99902001809063D-03  0.12425071677069D-03
 -0.79395841012509D+01 -0.13028146989023D+02 -0.12243787238452D+02  0.34253485606020D-03  0.58457122060899D-03 -0.76683237051399D-04
 -0.75494087217185D+01 -0.15008986515191D+02 -0.11668631967598D+02 -0.22922388153740D-02  0.16303617955953D-03 -0.18186881631037D-02
 -0.92184434523191D+01 -0.13419385594415D+02 -0.13732241743530D+02  0.79076469651480D-03  0.21020018708066D-02  0.14831191057792D-04
 -0.88878536873954D+01 -0.11992972306022D+02 -0.10593090133245D+02 -0.10264761137094D-02  0.12764377104996D-02  0.63861913882621D-03
 -0.37164146252483D+01  0.10095915620556D+01 -0.21357056795117D+02 -0.30929970942204D-03 -0.11268814895896D-03  0.36067839218007D-03
 -0.26463871707371D+01  0.44460610002387D-01 -0.20341621792680D+02  0.52706532642677D-03 -0.62371448955895D-03 -0.30438315765030D-03
 -0.58781522429831D+01 -0.58272185959380D+00 -0.21424506919966D+02  0.96605448045534D-05 -0.26285158542279D-03  0.14821663924290D-03
 -0.74083783262705D+01  0.66201517929427D+00 -0.22134739550520D+02  0.48733918752947D-03  0.41966769686010D-03 -0.17359881075665D-02
 -0.63938187106497D+01 -0.13541862868372D+01 -0.19638748305739D+02 -0.58500876471605D-03  0.13447984482563D-02 -0.81496793843318D-03
 -0.53289298812653D+01 -0.20357454414939D+01 -0.22781762655590D+02 -0.57357204057607D-04  0.58831107329775D-03 -0.65995097365864D-03
  0.73981988555342D+01 -0.15254669054042D+02  0.48782585740437D+01  0.24175896711729D-03 -0.33991725696595D-03  0.10002928891379D-03
  0.62681716332504D+01 -0.16043810638904D+02  0.61335165546847D+01  0.90415128049804D-04 -0.21579968085516D-03 -0.25733257026984D-03
  0.78356306919611D+01 -0.12810019212707D+02  0.58232632600873D+01  0.15454928800660D-03  0.11134552978009D-03  0.77026327695709D-03
  0.61341179556964D+01 -0.11742394661327D+02  0.59730452420919D+01  0.94312508731462D-03 -0.32299023204325D-03 -0.78201124932863D-03
  0.85325291187855D+01 -0.11731268100245D+02  0.42345971459677D+01 -0.14250554536598D-02  0.34017433005574D-02 -0.55709716469480D-03
  0.91109261469343D+01 -0.12778551960189D+02  0.73920356977754D+01  0.11869539832825D-02 -0.63420087709213D-03 -0.55941973025555D-03
  0.56229458787260D+01 -0.17142790941015D+02 -0.70748929504105D+01 -0.25682546844758D-03  0.79708514691418D-04 -0.80726395561652D-04
  0.40092896122121D+01 -0.17701475506717D+02 -0.63907837774312D+01  0.13131116581541D-03 -0.15574622506167D-02  0.14769407816175D-03
  0.74966139346301D+01 -0.18608906502608D+02 -0.59404997098953D+01  0.12616770724797D-04 -0.13302101036877D-03 -0.44772661831612D-03
  0.71795916624552D+01 -0.20624649340614D+02 -0.59198712595806D+01  0.14611436860099D-02 -0.15176621357007D-03  0.73212107906574D-03
  0.77574610997262D+01 -0.18111208263999D+02 -0.39760543859772D+01 -0.13288876930089D-03  0.23941992621617D-03 -0.40380368112220D-03
  0.93496469155180D+01 -0.18060385907225D+02 -0.69314005274686D+01  0.12242788126346D-02  0.93452298313781D-03 -0.39610856582641D-03
  0.13693405933470D+02  0.47053966435992D+01  0.91494230608094D+01 -0.18454399193316D-03  0.41159836283008D-03 -0.32733063636307D-04
  0.12358213266156D+02  0.50426117314774D+01  0.10299743779552D+02  0.68199472571709D-03 -0.33285757428867D-03 -0.46781180557637D-03
  0.15594825397459D+02  0.34899471337893D+01  0.10474053793970D+02 -0.26121464306082D-03  0.18125961459269D-04  0.29037421846115D-03
  0.16908575953154D+02  0.27136179036770D+01  0.91132554236273D+01  0.80474907623788D-03  0.12343431717248D-02 -0.31706315279578D-04
  0.15005300642262D+02  0.19684198732839D+01  0.11741517179371D+02 -0.13490237823526D-03  0.13153675968117D-02  0.99431976442383D-03
  0.16560044100203D+02  0.49300845759563D+01  0.11507564223758D+02  0.27780983048714D-03  0.49511535438652D-03 -0.72526727182868D-03
 -0.14396709891042D+01  0.67633089149395D+01 -0.12972240979121D+02 -0.14024465292222D-03  0.29539381657634D-03 -0.23019782074779D-03
 -0.17802323601594D+01  0.62722092198480D+01 -0.14690187080774D+02  0.47257726105755D-03  0.84736879477896D-03 -0.84128541471714D-03
  0.44630930369058D+00  0.51284085064382D+01 -0.12134414978397D+02 -0.76529521720428D-04 -0.13526431705969D-03 -0.11459067816004D-03
  0.17624789176195D+01  0.59972071752608D+01 -0.10958352445219D+02 -0.19322644333425D-05 -0.21415212396495D-03  0.45598107447637D-03
  0.13865564941615D+01  0.41319737124108D+01 -0.13802231289506D+02  0.46465497009356D-03 -0.11862738779053D-02  0.73648591273959D-03
 -0.29885755721716D+00  0.34403399108563D+01 -0.11063425818439D+02 -0.12507901916035D-02  0.15640487349853D-03 -0.41988260106463D-03
  0.18973865592456D+02  0.63594356903364D+01 -0.18901628662599D+01 -0.13200896463491D-03 -0.34101274623799D-03 -0.41791391416428D-04
  0.18429713399775D+02  0.47296444794575D+01 -0.25318046195398D+01  0.10959601251584D-02 -0.59940300430103D-03  0.49871318358920D-03
  0.20583539882803D+02  0.59340699985104D+01  0.16184062831599D+00 -0.22424295760504D-03 -0.19525422024948D-03 -0.66704068819115D-03
  0.22189151722657D+02  0.71380601342291D+01  0.12805207479228D+00 -0.53972014791279D-03 -0.10381480605741D-02 -0.54106218538780D-03
  0.21375462529539D+02  0.38926641284183D+01  0.24365847417632D-01  0.12044924784288D-02  0.25512284219998D-03  0.17013099341263D-02
  0.19728716043586D+02  0.62696024023531D+01  0.18736262696433D+01  0.79596639471044D-03  0.82428433755465D-03 -0.13457446234912D-02
 -0.96494222719659D+01  0.15833602117192D+02 -0.73914780795282D+01 -0.16596930454967D-03  0.30145282955001D-03 -0.35651505220017D-04
 -0.11325545427789D+02  0.14911605783461D+02 -0.75620712331296D+01  0.14909457565852D-02 -0.24332366236071D-02  0.16842193556186D-03
 -0.93788233783317D+01  0.18117579620862D+02 -0.87578904633014D+01 -0.62440358727380D-04  0.27858297873282D-03  0.60416068176999D-04
 -0.10810245918197D+02  0.19579601029545D+02 -0.84168890734697D+01  0.16177158085896D-02  0.34554669166761D-03 -0.75000129526372D-03
 -0.89174228414595D+01  0.17917125493086D+02 -0.10778647907977D+02  0.11956174809890D-02  0.11846616921250D-02  0.82885907348551D-03
 -0.75926709972022D+01  0.18906574753192D+02 -0.79895408286016D+01  0.22312087974405D-04 -0.56569678879614D-03 -0.14242411031789D-02
  0.12798149062662D+02 -0.95219417703908D+01  0.10476471613440D+01  0.14545875348656D-04 -0.15829371380238D-03  0.12024310831279D-03
  0.14417115220188D+02 -0.89236812490477D+01  0.55871989604638D+00 -0.10201674966388D-02  0.88750578806944D-03 -0.54655875396496D-03
  0.10912144622373D+02 -0.76037582143113D+01  0.74863581518339D+00 -0.36634750044916D-03  0.49280894068766D-03  0.95041912005104D-04
  0.92932805476695D+01 -0.86513247209286D+01  0.88536814273214D+00 -0.65547806259027D-03 -0.12127090854507D-02 -0.17342431945234D-03
  0.10915114417043D+02 -0.67949724636379D+01 -0.12982657228466D+01  0.90347975437774D-03 -0.21246024513831D-02 -0.11453373732382D-03
  0.11056699064150D+02 -0.61378054512352D+01  0.22163805958264D+01  0.17642729131517D-02  0.10499985650910D-02  0.22679041411273D-02
  0.93034701398241D+01  0.12886692596105D+01 -0.55801670307212D+01  0.10548202056817D-03 -0.74567185528102D-04  0.63435671537080D-05
  0.10904108502192D+02  0.17540842978472D+00 -0.55533171571061D+01  0.52691457043816D-03  0.26004295585307D-03 -0.16038970922910D-02
  0.93938590625432D+01  0.29114808287331D+01 -0.33900563958560D+01 -0.97920499167362D-04 -0.93863553305967D-04  0.80509469886408D-06
  0.11006602119534D+02  0.41361395142574D+01 -0.36999074489774D+01 -0.50177442168358D-03  0.68103491825151D-03  0.53588009549031D-04
  0.94538669052319D+01  0.18602239986823D+01 -0.16294143697235D+01  0.24113236826760D-03 -0.13337462245587D-03 -0.15237195915554D-02
  0.75894177438132D+01  0.38734752649675D+01 -0.36912040488107D+01 -0.77524619425810D-03 -0.15623851139433D-02  0.60217842243096D-03
  0.83103693658161D+00  0.45726049873212D+01  0.14568832064354D+02 -0.57027382532726D-04  0.35030969711812D-03 -0.15465852829996D-03
  0.99299077137570D+00  0.36170874913638D+01  0.16097274334085D+02  0.71437625581279D-03  0.65834199282508D-03  0.16009345855291D-02
  0.13290075211541D+01  0.72393639901164D+01  0.14553685855743D+02 -0.27570638485187D-04 -0.20072386948459D-03  0.11715025926768D-03
  0.22709793333491D+01  0.76411688696237D+01  0.16335030243247D+02 -0.28983480271748D-03  0.79477526711487D-03 -0.90442099977401D-03
 -0.46037405453896D+00  0.84056156051904D+01  0.14401519700222D+02 -0.13603692776035D-02  0.10207640432476D-02  0.39531603332810D-03
  0.25795482658419D+01  0.78719596231012D+01  0.13050346240642D+02 -0.39609604922041D-03  0.26004669762109D-03 -0.20117085995011D-03
 -0.30345826237590D+01  0.12743499610649D+02  0.13189437011282D+02 -0.24411472177045D-03  0.18894625421336D-03  0.19369039870910D-03
 -0.23643735383720D+01  0.12431064408760D+02  0.11486250763726D+02 -0.39320706245736D-03 -0.62042625981863D-03  0.10466203662286D-02
 -0.18286070996411D+01  0.14722845853887D+02  0.14413886786411D+02  0.15393951297082D-03  0.35065310457985D-03 -0.25737133623780D-04
  0.31516260928116D+00  0.14396012844512D+02  0.14740652429794D+02  0.12358708590186D-02 -0.88333004610474D-03 -0.93051671763774D-03
 -0.28404083652532D+01  0.14911369964094D+02  0.16260085231438D+02 -0.28351633003005D-03 -0.48497020855935D-03 -0.14474327966726D-03
 -0.21442182693539D+01  0.16529998424590D+02  0.13299795486719D+02 -0.57933782210505D-03  0.11369737754792D-02 -0.45122584393479D-03
 -0.35653386674777D+01 -0.86884597168607D+00  0.90509787551326D+01 -0.44928330893914D-05  0.51847450545928D-04  0.27841948488438D-03
 -0.49093639999950D+01 -0.22235122169844D-01  0.81030601237563D+01 -0.92887567167655D-03  0.19815972653472D-03  0.26995476311189D-03
 -0.13741632203648D+01  0.59177652574509D+00  0.92220846617419D+01 -0.95680026604994D-04  0.70049649907856D-04 -0.15178972686913D-03
 -0.11748425987541D+01  0.19038102524008D+01  0.78045484483029D+01 -0.14042176238160D-03 -0.93988235004444D-03  0.14025381498626D-02
  0.12710592971921D+00 -0.80463408938215D+00  0.92764475758815D+01 -0.13214825930265D-02  0.10721926101843D-02 -0.13057305396702D-03
 -0.14233393451947D+01  0.18891681872468D+01  0.10874143215899D+02 -0.17291403224322D-02 -0.41861125056430D-03  0.11267527243471D-03
 -0.58408117262219D+01 -0.69950228125734D+01 -0.10961447652471D+02 -0.17323032007026D-03 -0.25509124750694D-03 -0.30635436408441D-03
 -0.58760537264643D+01 -0.68593642612180D+01 -0.12660115030217D+02  0.11148488243235D-02 -0.67565481232446D-03  0.72140371628968D-03
 -0.60643569226058D+01 -0.46248496997186D+01 -0.96670972733450D+01 -0.33911656926443D-04 -0.36870524203263D-04 -0.18849299217760D-03
 -0.43293842489963D+01 -0.39312838065570D+01 -0.89152075483250D+01 -0.64791452461833D-03  0.18405003315872D-03  0.12011954236919D-02
 -0.75439149373999D+01 -0.47813328165200D+01 -0.80504013667729D+01 -0.46685368640256D-03  0.57010097037709D-03 -0.55898985382632D-03
 -0.66322410423463D+01 -0.28970169286103D+01 -0.10733314888786D+02  0.78636777445623D-04  0.70798797346702D-03  0.58678125316582D-04
 -0.13226564974889D+02  0.47507979982091D+01  0.99513836438712D+01 -0.12944651634571D-03  0.17759891498788D-03  0.39111944771944D-03
 -0.12082401682489D+02  0.40339614567061D+01  0.85597918894196D+01 -0.96999248174830D-03  0.21067337605662D-02 -0.75463394228818D-03
 -0.14964226857819D+02  0.29716618695985D+01  0.11001650436889D+02  0.72890728834348D-04  0.10992447845143D-03 -0.86738829568788D-04
 -0.14422287147520D+02  0.27389590819984D+01  0.12969009070133D+02  0.96538694760554D-03  0.17508080979539D-02  0.12515025004877D-02
 -0.14945156516507D+02  0.11514257378838D+01  0.10011265902467D+02 -0.68275664756595D-03  0.81877243180861D-03 -0.14519983773206D-02
 -0.16845576173406D+02  0.37031751015909D+01  0.10854853052583D+02  0.62753319438370D-03 -0.11030940986762D-02 -0.12224298851196D-02
 -0.16135337140699D+02 -0.12502127586933D+02  0.40310879560836D+01  0.24378185129812D-03 -0.51064114645189D-03 -0.76884953895418D-04
 -0.15056080040608D+02 -0.11323188826783D+02  0.30806433002143D+01 -0.43114249273931D-03  0.86695767344708D-03  0.87149032329635D-03
 -0.15392598456498D+02 -0.12084616308406D+02  0.66037976730153D+01  0.70653742961561D-03 -0.13411335456243D-03  0.92277729010746D-04
 -0.15410468133317D+02 -0.10221316876621D+02  0.71298733617885D+01  0.24795758901912D-03  0.16952679147941D-03 -0.11509132442275D-02
 -0.13870166909614D+02 -0.13260577418476D+02  0.71035202804326D+01 -0.11502124631807D-02 -0.16263584913687D-03 -0.34045213995426D-03
 -0.16762987812944D+02 -0.13074358248983D+02  0.78584954792170D+01 -0.74530587438946D-03 -0.85735125634329D-03 -0.35936846606583D-03
  0.80806459169585D+01  0.89147894451094D+01 -0.14558843855149D+02  0.19455614614451D-03 -0.40141252111318D-04 -0.87500124413931D-04
  0.74012482850692D+01  0.78453203727268D+01 -0.13321966325454D+02  0.94486111742751D-05  0.89041825479773D-03 -0.80757146820530D-03
  0.93924833904620D+01  0.74035051532413D+01 -0.16420904164586D+02 -0.41110717693925D-03  0.47301010586972D-04  0.70627594346301D-04
  0.11363274429138D+02  0.73894556139992D+01 -0.15887035117356D+02 -0.55652409935240D-03  0.90997789484657D-03  0.75539350799881D-03
  0.92539433358143D+01  0.82643632054732D+01 -0.18260823657397D+02  0.64093409692858D-03 -0.80783589606842D-04  0.76675577186636D-04
  0.87273478522886D+01  0.52103425293563D+01 -0.16419503040874D+02  0.28766526303467D-03 -0.10769110774660D-02  0.99080808305550D-03
  0.26173309913713D+01 -0.13318987531278D+01  0.17737249140732D+02  0.21453779007845D-03  0.79565309615493D-04 -0.21877763437247D-03
  0.43411722540856D+01 -0.13477990545443D+01  0.16795103404916D+02  0.24745760546984D-02 -0.11855182420177D-02  0.14918997117846D-03
  0.28203860835262D+01 -0.17937196155935D+01  0.20409401003783D+02  0.64996077404686D-05 -0.24167682439960D-03  0.46651171250927D-03
  0.12822006644570D+01 -0.28710224341976D+01  0.20876306537739D+02  0.99353927912732D-03 -0.43858435899440D-03 -0.13463510578575D-02
  0.30836200512807D+01 -0.92957217846589D-01  0.21573379251009D+02  0.14183835999222D-02  0.95390727744522D-03 -0.27581594795289D-03
  0.45938954439015D+01 -0.28742868381825D+01  0.20673764002204D+02 -0.15063074428078D-02 -0.90316886166617D-03  0.15548579521858D-02
  0.14777627994562D+02 -0.11287811797126D+02 -0.73727346184344D+01 -0.19195575600213D-03  0.50631875692469D-03  0.22716372684474D-03
  0.14088828657914D+02 -0.11860699750113D+02 -0.58290417918479D+01 -0.10559335796304D-02 -0.47158236896977D-03 -0.77437181641247D-03
  0.15764537041212D+02 -0.13225266546566D+02 -0.88099798941128D+01  0.18310038053285D-03 -0.22976187336046D-03 -0.84376920456594D-04
  0.16758024826343D+02 -0.12523632933159D+02 -0.10348760730332D+02 -0.90722903004888D-03  0.44119555627087D-03  0.15158950513202D-02
  0.14338554174991D+02 -0.14485667200508D+02 -0.96671878609924D+01  0.17654943249795D-02  0.95328711561710D-03  0.36777099470235D-03
  0.17237441917808D+02 -0.14338795364890D+02 -0.78968957270796D+01 -0.84622151707160D-03 -0.19856581707245D-02  0.54375642359000D-03
  0.81333782412785D+01 -0.24300601229228D+01 -0.13068063279589D+02 -0.13944621252812D-03 -0.56361746795497D-04 -0.10766217353925D-03
  0.95003982430067D+01 -0.35895788977208D+01 -0.12495067726945D+02 -0.59938830962454D-04 -0.10642015087367D-02  0.11592146677642D-02
  0.73124680603713D+01 -0.11269938933092D+01 -0.10942480395166D+02  0.30595325733375D-03  0.18090724192106D-03 -0.49369977895680D-07
  0.51816721750893D+01 -0.71754402670593D+00 -0.11154704228878D+02  0.37209388815489D-03 -0.10791575293843D-02  0.58462750757222D-03
  0.83349161996796D+01  0.60632586689991D+00 -0.10699433675284D+02 -0.16989826889680D-02  0.94603543932138D-03 -0.86663465301936D-03
  0.72912065326745D+01 -0.21889113090303D+01 -0.92995468047172D+01 -0.99706477240323D-04  0.53491163973882D-03  0.12841775286418D-03
  0.19883657404022D+02  0.28650653341529D+00 -0.43503909854072D+01  0.45183821468947D-05  0.13843353231673D-03  0.38674678330523D-03
  0.18621042128354D+02 -0.68570906796732D+00 -0.50590290613773D+01 -0.59144865556492D-03  0.15525642543335D-02 -0.11936818475430D-03
  0.21285100230854D+02  0.11918229997355D+01 -0.63915944682177D+01 -0.17605236559894D-04 -0.16392565501239D-03 -0.20579276997911D-03
  0.20377420486200D+02  0.23472055118467D+01 -0.77696190274665D+01 -0.26449748577375D-05 -0.33892891559114D-02 -0.56273496430908D-03
  0.22080253599518D+02 -0.62951526948059D+00 -0.73415461933261D+01  0.76416207578743D-03 -0.10731394090101D-03  0.36455921286124D-03
  0.22912046864671D+02  0.21668239550587D+01 -0.54266244405322D+01  0.52785867530130D-03 -0.62317804161315D-03 -0.69018053266622D-03
  0.17009538819078D+02 -0.12484173896722D+02  0.84373026580401D+01  0.44249924233915D-03  0.20765648047506D-04  0.26884740506230D-03
  0.16191334916327D+02 -0.14069378606245D+02  0.85273091788897D+01 -0.69168325843144D-03 -0.48075502214405D-03  0.34018044614061D-03
  0.18073844719404D+02 -0.11887608395489D+02  0.60053480254246D+01  0.56353975901797D-04  0.23980313905511D-03 -0.47447593776101D-03
  0.18720072434776D+02 -0.13649880877995D+02  0.52853989109506D+01  0.11619467862786D-04  0.37976199172214D-03  0.79515483614591D-03
  0.19641817050393D+02 -0.10537989912125D+02  0.63015079332791D+01  0.15281054924928D-02  0.68616601660614D-03 -0.11111541930483D-03
  0.16928175770911D+02 -0.11194294741943D+02  0.44960532037862D+01 -0.34060258960792D-03  0.18369689270054D-03 -0.38198096707842D-03
 -0.88129693867606D+01  0.16096467556565D+02 -0.22326938233803D+01  0.28569002652598D-03  0.14065639872679D-03 -0.80309438677460D-04
 -0.91252861127975D+01  0.15413649204261D+02 -0.38458861458603D+01 -0.13967487802642D-02  0.13403974708334D-02 -0.14744720764230D-03
 -0.74979863775502D+01  0.18416181828189D+02 -0.23198524286990D+01  0.10577565351550D-03  0.35697436449298D-03  0.12456125158146D-03
 -0.62417451547794D+01  0.18389573977958D+02 -0.76286487339732D+00 -0.10836444327776D-02  0.37066048676604D-04  0.35046835419254D-03
 -0.86595272548394D+01  0.20052915457403D+02 -0.24305503062235D+01  0.17233082084465D-02 -0.50713416286876D-03 -0.55289504465410D-03
 -0.62728625203500D+01  0.18366406200123D+02 -0.39579903326106D+01 -0.54359319080486D-03  0.65585763428570D-03  0.62700871498444D-04
  0.46295257390186D+01  0.14022524213746D+02 -0.78418720688502D-01 -0.34962760091316D-03  0.40548210675793D-03  0.15472745039122D-03
  0.61625229204538D+01  0.15025594782926D+02  0.34240451209222D+00  0.58425733314734D-03 -0.32918681670622D-04  0.26206088847360D-04
  0.26477663832327D+01  0.14798346133039D+02  0.13091277316810D+01 -0.15483156153622D-03 -0.25517322426914D-04 -0.30718802444247D-03
  0.29017862547828D+01  0.14297961087782D+02  0.33558314589019D+01 -0.12342065083528D-02  0.14083745457492D-02  0.10843886252300D-03
  0.10936753822031D+01  0.13893302223312D+02  0.73176884726562D+00 -0.59519170099158D-03 -0.34126092925972D-02 -0.15188821914796D-04
  0.24076202586728D+01  0.17072697500823D+02  0.12198254486534D+01  0.41239543733282D-03  0.13012919241320D-02 -0.31661318118314D-03
  0.15097967350623D+01 -0.59822054712365D+01 -0.19409941718876D+02  0.68942079563029D-04 -0.10122567952172D-03 -0.40704349798795D-04
  0.61920041172160D+00 -0.68451786824702D+01 -0.20870375198681D+02  0.29145631465034D-03 -0.13258389989025D-02  0.18071562534577D-05
  0.29857338315506D+01 -0.42115229904558D+01 -0.20718534020753D+02 -0.12452363178586D-03 -0.18254090870115D-03  0.47396193761992D-03
  0.16218348949077D+01 -0.29748189369165D+01 -0.21687202039564D+02 -0.11279285584943D-02  0.55879226731432D-03  0.67224705524692D-03
  0.42626252285452D+01 -0.51985097578896D+01 -0.22091746869395D+02 -0.97088835914183D-03 -0.16972102772688D-03  0.76525801369640D-03
  0.43163920405965D+01 -0.33346460415168D+01 -0.19289374452156D+02 -0.68320556296945D-03 -0.16354207257015D-02 -0.75956176218996D-03
  0.60474562732727D+01 -0.12415354932866D+01  0.14054234004247D+02 -0.38879646574829D-04  0.30015814405440D-03 -0.25247670072240D-03
  0.71850298981165D+01  0.24280382285594D+00  0.14730554098085D+02  0.55016485312738D-03 -0.82184404784061D-04 -0.18570999846952D-02
  0.52558814224451D+01 -0.10879903052421D+01  0.11562115961679D+02  0.29533238766691D-03  0.13420658669257D-03 -0.43627596280603D-03
  0.39638157897109D+01  0.43360605207346D+00  0.11085930627345D+02 -0.90516380916659D-04 -0.69390728855090D-03 -0.15439278836784D-03
  0.41468048481377D+01 -0.28928027839571D+01  0.11215234490989D+02  0.81223806776113D-04 -0.12910251200062D-02 -0.12088097842433D-02
  0.68136931393324D+01 -0.12415302919991D+01  0.10179387337987D+02 -0.84748995176817D-03  0.11696428729832D-02 -0.16644241560133D-02
  0.10448596702324D+02 -0.14592989171421D+02 -0.14595359644699D+02  0.16562902114796D-03 -0.47265465807219D-03  0.18525182335251D-03
  0.89498088483910D+01 -0.14900824654720D+02 -0.15668158667721D+02  0.20506925746938D-03 -0.64306003737380D-03 -0.23060696494046D-03
  0.97078297635299D+01 -0.15236931845793D+02 -0.12109078888372D+02  0.25379876509851D-03  0.34882754169712D-03 -0.24499874057409D-03
  0.11242567743054D+02 -0.14706385250864D+02 -0.11085771752477D+02 -0.38363324950388D-03 -0.32031092895961D-03  0.14197336843406D-03
  0.95039823243459D+01 -0.17263656473894D+02 -0.12183483906015D+02  0.12377104858852D-02  0.19709881624864D-03 -0.10321972823921D-02
  0.82109981470727D+01 -0.14112627408189D+02 -0.11314819234757D+02  0.11480547441754D-02 -0.37876010743319D-03  0.16917911365847D-02
  0.31923681020595D+01  0.56710887940617D+01 -0.27114917305564D+01  0.12219656750814D-03  0.34009161557304D-03  0.57130907299409D-05
  0.15559698117995D+01  0.51382278116508D+01 -0.33586141921187D+01  0.40207724664863D-03 -0.13045394299191D-02  0.18638339026299D-03
  0.35493387463526D+01  0.82490650270407D+01 -0.23199552543793D+01 -0.95610349658096D-04  0.91317332025208D-04 -0.17925771704342D-03
  0.25887674834484D+01  0.87630017231871D+01 -0.49801730016775D+00  0.10220255784365D-02  0.42185731851449D-03 -0.10546747738384D-02
  0.27886670776254D+01  0.93447169463733D+01 -0.38289690732391D+01 -0.62353226406892D-03  0.21380662505834D-02  0.14240283617674D-02
  0.56821877649723D+01  0.86478638796129D+01 -0.21655548183958D+01 -0.30465585731880D-03  0.20625425372910D-02 -0.70141520163797D-03
  0.45814720154079D+01 -0.36035652144547D+01  0.22366623582907D+01 -0.28643997240578D-05  0.20800291413166D-03 -0.22665767772157D-03
  0.44586059418008D+01 -0.18367188487389D+01  0.22931859909417D+01  0.84509582799388D-03  0.45061973693242D-03 -0.30837567107997D-03
  0.28314946263638D+01 -0.49158077910284D+01  0.37368408943056D+01 -0.54525148066204D-05 -0.44177595335900D-04 -0.26007111057548D-03
  0.37847694723815D+01 -0.67152006747255D+01  0.39858823142891D+01  0.20776547323648D-02  0.28626979913249D-03  0.26171257611627D-04
  0.79302113659784D+00 -0.47721599652043D+01  0.29280769937462D+01  0.39641408915873D-03  0.33358087124394D-03 -0.17025870632156D-02
  0.25536784833989D+01 -0.40947302804523D+01  0.56221779988938D+01 -0.46488843733373D-03 -0.12138400588241D-02  0.29826340063897D-03
 -0.16894059640326D+01 -0.57694780381390D+01 -0.61836195422497D+01 -0.11320074493481D-03  0.30784254550178D-03  0.65837053178214D-04
 -0.84249295291297D+00 -0.66133483805159D+01 -0.75520892873693D+01 -0.11598791217088D-02  0.77594996328200D-03  0.27865410460053D-03
 -0.27543884873370D+01 -0.76672553594034D+01 -0.46563123643697D+01  0.25621295195156D-03  0.16840343265298D-03 -0.23289228860954D-03
 -0.37909245839965D+01 -0.65339923124811D+01 -0.30168923335332D+01 -0.20931864871473D-02  0.99518635236355D-03  0.25614888324070D-03
 -0.12104018557079D+01 -0.87842045586423D+01 -0.38515299654552D+01  0.11016422754931D-02  0.69831084927318D-03 -0.15561787648974D-03
 -0.41456183424017D+01 -0.87941020666473D+01 -0.56043115655061D+01  0.11421093148502D-02 -0.41151648975828D-03 -0.13462311709208D-02
  0.13134341543339D+01 -0.99299241147207D+01 -0.81594359640040D+01  0.81068285660986D-06 -0.39950676501684D-04  0.67561500713109D-04
  0.27015447467722D+01 -0.96109110812407D+01 -0.71337251699122D+01 -0.19832531373206D-02  0.16175828408318D-02 -0.12932844725962D-02
  0.16247145099546D+01 -0.12219224147992D+02 -0.95918533624248D+01  0.28647224001770D-03  0.18792509361471D-03  0.12806644119660D-03
  0.34330733183838D+01 -0.12571242313707D+02 -0.10225317205410D+02 -0.11033961725445D-02  0.11331866801720D-02 -0.17309976028405D-03
  0.58914083432016D-01 -0.12094984238570D+02 -0.11027262170510D+02 -0.16610603708012D-02  0.30962834266971D-03  0.85387434653876D-03
  0.97935661792232D+00 -0.14000001316170D+02 -0.84316473908453D+01  0.78662626550884D-03 -0.36405062678964D-03 -0.98390369636845D-04
  0.33015065103685D+01 -0.13280481644121D+02 -0.17452833074013D+02 -0.30035078287778D-03  0.24878597732296D-04 -0.34677494564678D-03
  0.48600591094966D+01 -0.14247130204157D+02 -0.17960741773544D+02  0.19865030959970D-03 -0.30847299170158D-03  0.98153941512324D-03
  0.37153825737322D+01 -0.10928811689815D+02 -0.16125808660354D+02  0.15071109616276D-03 -0.24430279856349D-03 -0.77651266811020D-04
  0.55600931383336D+01 -0.10084712747132D+02 -0.16690461859611D+02  0.12337133864088D-03 -0.30895353774673D-03 -0.15503257378541D-02
  0.35372904642713D+01 -0.11062958569357D+02 -0.14060167288135D+02  0.76082320632195D-03 -0.53463390462155D-03 -0.26011296161784D-03
  0.23183449565633D+01 -0.95240217331129D+01 -0.16678172619427D+02 -0.62152330290458D-03  0.40894450455040D-04 -0.54500980351689D-04
  0.18086029173058D+02 -0.77813689088012D+01  0.56648837087619D+00 -0.25713027250138D-04 -0.15877000522803D-03  0.39741700022277D-04
  0.19612385330637D+02 -0.71114996947193D+01  0.14867545531776D+01 -0.51886641306113D-03  0.64056318688799D-03 -0.10196398253181D-03
  0.19183705166163D+02 -0.84782875341569D+01 -0.16883391432767D+01  0.12815145778826D-03  0.90560605315890D-04 -0.19008148886457D-03
  0.18161146963734D+02 -0.78807012609801D+01 -0.33828253985670D+01  0.18134201589955D-02 -0.15276208363371D-02 -0.77671700210844D-03
  0.19170769512281D+02 -0.10500127387609D+02 -0.18597806114933D+01  0.93806921668581D-03  0.35850474685178D-03 -0.21588252343575D-03
  0.20977418809299D+02 -0.76174755314488D+01 -0.21288676364269D+01  0.89300613481651D-03 -0.41722175303779D-03  0.10721310508098D-02
 -0.97114076496813D+01  0.10407047736284D+02  0.35414848700269D+01 -0.33286339773089D-03 -0.75806799983614D-04 -0.13091390658438D-03
 -0.11287921268855D+02  0.10721621286684D+02  0.44692175832759D+01 -0.99090143472585D-03  0.39957964747384D-05 -0.29469689967729D-03
 -0.77634515685259D+01  0.11715689471236D+02  0.48339148932606D+01  0.25414157293035D-03 -0.35946742007574D-04 -0.24991807566553D-03
 -0.79441286671984D+01  0.11134404917361D+02  0.69012980816010D+01 -0.87294559530218D-03  0.90749210815112D-04  0.71553390339039D-03
 -0.77637052199812D+01  0.13813389728995D+02  0.48136230480893D+01 -0.75724474680677D-03 -0.11092402116488D-02  0.20616733101067D-02
 -0.60531088410086D+01  0.11014221502273D+02  0.38694694275626D+01 -0.29549238358602D-03  0.14046280607544D-02  0.22620049322099D-03
  0.14830303419411D+02  0.17625059403545D+01 -0.72155358430440D+01 -0.40926181539858D-03  0.12859221181612D-03  0.56413434636615D-04
  0.15346802418045D+02  0.35850340400482D+01 -0.73070445143870D+01 -0.36276020478295D-03  0.33987830662461D-02 -0.32110642046780D-03
  0.14763975289293D+02  0.71619564990844D+00 -0.97758839563440D+01 -0.28293339939176D-03 -0.64512656275686D-03 -0.11345986354114D-03
  0.13287160339573D+02 -0.52169743800231D+00 -0.10183998640723D+02 -0.30581204006389D-03  0.75000809215192D-03  0.32601127107442D-03
  0.16544705035919D+02 -0.37759506380771D+00 -0.99778842642342D+01  0.22018643033289D-03  0.16999383076073D-02 -0.64815584323356D-03
  0.14986896318791D+02  0.20130076114388D+01 -0.11308190969134D+02 -0.11152668165520D-02  0.13580913250588D-02 -0.15480278857938D-02
 -0.85777602542994D+00  0.10661880639964D+02  0.89551351757543D+01  0.34299696947390D-04 -0.25372225965747D-03 -0.11439981265366D-03
 -0.15292087969390D+01  0.91344180892284D+01  0.97130445736543D+01  0.20969626509118D-03 -0.14821354694546D-02 -0.71771013562714D-03
  0.37215800890667D+00  0.98810855715881D+01  0.65621761330750D+01  0.21967534155838D-03  0.27782589403096D-03  0.51018583282842D-04
 -0.11080540621267D+01  0.90253921165264D+01  0.54380178772747D+01 -0.20731796370015D-03  0.63225278660667D-03 -0.59711664330466D-03
  0.16038958790346D+01  0.82029288384154D+01  0.71911525050193D+01  0.31417171312194D-03  0.56741035050264D-04  0.45591892715636D-03
  0.15213481868017D+01  0.11315806735924D+02  0.56131100859805D+01  0.97089392070199D-03  0.12924009623911D-02 -0.36522199818919D-03
  0.64934256564064D+01 -0.89982502374971D+01 -0.70140423869324D+01  0.26432976166445D-03 -0.48312851945345D-03 -0.25568732267923D-03
  0.63232578984110D+01 -0.72524775871057D+01 -0.62681853664240D+01 -0.66737501665148D-03  0.15298539759795D-02 -0.71707631918884D-04
  0.85397486443086D+01 -0.10174007966769D+02 -0.56223648722419D+01 -0.32239603167214D-03 -0.24392388375447D-03 -0.16086968850321D-03
  0.79961408873200D+01 -0.10198072219252D+02 -0.34955714768346D+01 -0.20709925003733D-03 -0.12402123053343D-04 -0.60160576596167D-03
  0.10237375118406D+02 -0.90275036153076D+01 -0.60696875941915D+01  0.78571907813708D-03 -0.35726084387888D-02  0.79815870933578D-03
  0.86729492048098D+01 -0.12019712011113D+02 -0.63752032541148D+01  0.27174538807948D-03 -0.41655172050937D-03  0.45505338404069D-03
 -0.13511244719828D+02  0.97791769012396D+01  0.75858970471060D+01  0.79070055561695D-04  0.22511867880521D-03 -0.34248259650948D-04
 -0.12846940104575D+02  0.82351030028430D+01  0.81606175508460D+01  0.21847568330369D-03  0.52794645427693D-03  0.22295240847055D-02
 -0.15855060502759D+02  0.91637995621539D+01  0.65660387909909D+01  0.27434548256593D-03 -0.25369818900162D-03 -0.56844271741411D-04
 -0.17241023126262D+02  0.94584772648130D+01  0.80247106406126D+01 -0.10405494568208D-03 -0.12708656426218D-02  0.96215019223495D-03
 -0.15860308849939D+02  0.71441149231881D+01  0.57475910125442D+01  0.14753990000555D-02  0.62710579095306D-03 -0.86104907261006D-03
 -0.16034002822304D+02  0.10416879420875D+02  0.49143288615443D+01  0.43464862880574D-03  0.31293003949671D-03  0.13128546099554D-03
  0.10448625721113D+02  0.10536431521227D+02  0.35422011333874D+01  0.12043732552454D-04  0.14353630776423D-03  0.29839564208944D-03
  0.12045187361549D+02  0.11080991011776D+02  0.41298320577239D+01 -0.15684840285607D-03 -0.18746865913096D-02 -0.11556232124685D-02
  0.91157226293166D+01  0.92415331334239D+01  0.57137722785470D+01  0.87121661817395D-04 -0.60827192554955D-03  0.34073297030911D-03
  0.10324764779766D+02  0.79809964755471D+01  0.65327593406015D+01 -0.15811991760877D-02  0.10176420584151D-02  0.11956541684272D-02
  0.73740515769412D+01  0.83885225373692D+01  0.48607573070823D+01 -0.11954011331880D-02  0.53805887482748D-03  0.81785792917993D-03
  0.81870621361855D+01  0.10647929964692D+02  0.70089472346479D+01 -0.20401541284902D-02 -0.38358055359528D-04  0.20300234150892D-02
 -0.31885241869282D+01  0.60829709897494D+01  0.30740276203750D+01 -0.24722129277578D-03 -0.35895718102586D-03 -0.34060495803746D-03
 -0.27703687537334D+01  0.42565036529349D+01  0.30362664179330D+01  0.59994882284755D-04  0.42765775909929D-03  0.81977454152347D-03
 -0.35892746723587D+01  0.66899730754183D+01  0.62955094730918D+00 -0.13543492898225D-03 -0.70105299584958D-04  0.20548278864705D-03
 -0.17767786319042D+01  0.66730543450120D+01 -0.51648863908245D+00  0.10283053618394D-02  0.27437474310591D-03 -0.88118049961818D-03
 -0.42868321438153D+01  0.86387143763861D+01  0.69159889539105D+00  0.22789723530961D-03  0.20486382532667D-03 -0.18740931699678D-02
 -0.49732164270122D+01  0.52294829335073D+01 -0.22628761807377D+00  0.72711074576898D-03 -0.57966068814533D-04 -0.80419210941605D-03
  0.11606029085682D+02 -0.67577461761466D+01 -0.12104328396450D+02  0.93461986365177D-04 -0.10347402622035D-03 -0.30704212765550D-03
  0.13364389751491D+02 -0.69425852572103D+01 -0.12174121659445D+02  0.33082682853205D-02 -0.18443186255720D-03 -0.72343622305101D-03
  0.10316812585514D+02 -0.91574374283909D+01 -0.12531770939833D+02 -0.69625323469633D-04 -0.17020117070538D-03  0.97071917266857D-04
  0.83606924856290D+01 -0.89406320151318D+01 -0.12121906092169D+02 -0.89633736359244D-03  0.32552796446680D-03 -0.12549757670705D-02
  0.11146168145277D+02 -0.10377553705282D+02 -0.10971650359670D+02 -0.15398640403953D-02  0.32425033486936D-03 -0.40314572073797D-03
  0.10501595890688D+02 -0.99643160349514D+01 -0.14359875029616D+02  0.11006333416369D-02  0.38113626888605D-03  0.43114575928995D-03
 -0.42635095468755D+01  0.57961450052536D+01 -0.17680983250137D+02  0.18151797090873D-03  0.39456158243909D-03  0.43109069919147D-03
 -0.45327714019015D+01  0.47143153957955D+01 -0.19095227259529D+02  0.47941712733671D-03 -0.14066064816088D-02  0.13556271971847D-02
 -0.50955618100976D+01  0.83073018072885D+01 -0.18404962772818D+02  0.10455487246564D-03  0.50896969483862D-03 -0.29588033640096D-03
 -0.38497371801332D+01  0.94818861507241D+01 -0.19618154658313D+02  0.47484510179550D-04  0.44557920697191D-03 -0.97247803715645D-03
 -0.55409497863007D+01  0.95240134596425D+01 -0.16851306122777D+02 -0.15374206434853D-02 -0.18873622580394D-02 -0.25387704506531D-03
 -0.67932139509712D+01  0.80240478524119D+01 -0.19563170418365D+02  0.71848813490325D-03  0.12262184947806D-03  0.11199552146674D-02
 -0.97353423626869D+01  0.11046373366965D+02  0.15637167988881D+02  0.85244343314492D-04  0.13150053645064D-04 -0.47324724860941D-04
 -0.86378011449280D+01  0.11784159135965D+02  0.14484273928245D+02  0.27306236279931D-03  0.26211920732532D-03  0.72391611987072D-03
 -0.12098012314926D+02  0.11487275686327D+02  0.14385006894975D+02  0.13206789321172D-03  0.99792865289021D-04  0.56775932747641D-03
 -0.12808598224643D+02  0.13500406366771D+02  0.14635522845177D+02 -0.13382893721872D-02 -0.81047740820680D-03 -0.94393297180795D-03
 -0.13241125011231D+02  0.10534639716507D+02  0.15594430602432D+02  0.44821760707281D-03  0.40112089099461D-03  0.87128470283959D-04
 -0.12088593555730D+02  0.10783366937817D+02  0.12484015008590D+02 -0.91239027774860D-03 -0.47944129083086D-03 -0.61825244527062D-03
  0.17524766708725D+02  0.10724674489839D+02  0.11420398746470D+01  0.30034481031107D-04 -0.14772323316041D-05  0.95410354207874D-04
  0.16698815158508D+02  0.95311042753897D+01  0.21088007481016D+01  0.13821564037407D-02  0.13992893189135D-02  0.88414918740663D-03
  0.17467640672023D+02  0.12982332263905D+02  0.25421992457138D+01 -0.11089133101313D-04  0.14225036587824D-03  0.25758220391102D-03
  0.15974846425186D+02  0.13163819566754D+02  0.41478252757696D+01 -0.77318194494530D-03  0.74142865990115D-04  0.10749900466482D-02
  0.17175421731286D+02  0.14671377592037D+02  0.15083646890288D+01  0.19656719520545D-04 -0.16398884252888D-02 -0.21654107161010D-03
  0.19297612186237D+02  0.12957822074522D+02  0.35282912809012D+01 -0.23551640664132D-03 -0.40578400767392D-03  0.26539183914212D-03
  0.85615900523942D+01  0.16093462744825D+02 -0.83435165047080D+01  0.35441483492164D-03  0.41033030553802D-04  0.13612359011783D-03
  0.78110420652671D+01  0.14624812993371D+02 -0.90548416622361D+01 -0.86211902427706D-03  0.62781207198482D-03  0.18574030962146D-02
  0.11239460508748D+02  0.16008145748401D+02 -0.86000468781938D+01  0.54771810971475D-05 -0.87334138822939D-05 -0.34893479471217D-03
  0.11888663631682D+02  0.14058417309625D+02 -0.81470775261394D+01 -0.19074605252148D-02  0.11791712305777D-02  0.29873750702638D-03
  0.11902223022474D+02  0.17202746446273D+02 -0.72153543799699D+01 -0.15047167523628D-02 -0.20291977008889D-02 -0.11494764471809D-02
  0.12137832978369D+02  0.16687849828633D+02 -0.10333106840077D+02  0.59707020117441D-04  0.67136297976697D-03 -0.74839803473333D-03
 -0.79194993752418D+01 -0.10030716259846D+02 -0.37762955485166D+00  0.82851214841349D-04  0.14025223490433D-03  0.66294652194510D-04
 -0.76116708219340D+01 -0.11222644626819D+02 -0.17694768195568D+01 -0.16511464516731D-02  0.25201080023475D-03  0.62350123999274D-03
 -0.10637906340951D+02 -0.97907044343513D+01 -0.27893239472499D+00 -0.31353204079480D-05 -0.66984269527331D-04  0.26558706939334D-03
 -0.11278011562749D+02 -0.95527966357466D+01  0.16444530577469D+01 -0.84147501687222D-04 -0.14800498037365D-02  0.43781236613154D-03
 -0.11490739354661D+02 -0.11602042544038D+02 -0.11199982540841D+01 -0.59114416428912D-03 -0.29059674308333D-03  0.65446225717623D-03
 -0.11152430299210D+02 -0.81370741279047D+01 -0.12783163445444D+01 -0.48960560849839D-03 -0.15102514252863D-02 -0.16429133458906D-02
 -0.70050525657811D+01  0.37971295679078D+01  0.68671476462414D+01  0.21011245598369D-03 -0.28432379398167D-03  0.14889557131673D-03
 -0.57488608148556D+01  0.44090384059902D+01  0.56584604950357D+01 -0.10946990876243D-02 -0.13093065348148D-02 -0.14188766352838D-02
 -0.67940948578324D+01  0.53100212344082D+01  0.89996258736402D+01 -0.16507876285600D-03  0.21545999868280D-03 -0.29947170421732D-03
 -0.75987217903369D+01  0.71950507478780D+01  0.86538587279904D+01  0.16184446547949D-03  0.15723273665595D-02  0.13402502002105D-03
 -0.49428319918900D+01  0.56975524947164D+01  0.97270352565285D+01 -0.62637998051987D-03  0.92029118704791D-03 -0.14159768439831D-03
 -0.79094659471785D+01  0.44011583587355D+01  0.10615887847413D+02  0.47856789029019D-03 -0.50021400914202D-03  0.12265117579688D-03
 -0.10703620772957D+02  0.19462064921484D+01  0.37643782325999D+01  0.29074805620367D-03 -0.10447667463706D-04 -0.24966383725408D-05
 -0.92101866276596D+01  0.19196952235893D+01  0.50314051540289D+01  0.85631786770326D-03 -0.11361094453884D-02 -0.98135478849947D-03
 -0.11064325437914D+02  0.44292428161811D+01  0.27740779384290D+01  0.35911343016712D-03 -0.10362027220710D-03  0.14416341596207D-03
 -0.12156135815067D+02  0.42479742014817D+01  0.10934949252487D+01 -0.10154287038154D-03 -0.63440875258006D-03  0.61690393338669D-03
 -0.92809795992545D+01  0.52888982597958D+01  0.26766656205341D+01 -0.31025882358822D-03  0.94536698815895D-03  0.36542528059911D-03
 -0.12320500155274D+02  0.57988314899046D+01  0.38495432310678D+01  0.97045231044112D-03 -0.20190943710059D-03 -0.26426305388607D-04
 -0.10192698216930D+02  0.76643747554498D+01 -0.15285853600223D+02  0.22199310029530D-03  0.32124605982545D-03  0.17759905976477D-04
 -0.10829890998951D+02  0.64227545917308D+01 -0.13988350704794D+02  0.11709563577787D-03  0.91113930887156D-04  0.28988983546027D-03
 -0.11540916000674D+02  0.73370036404258D+01 -0.17564252903008D+02 -0.56406501415061D-04 -0.97216244709950D-04  0.60087954033817D-03
 -0.11072367399498D+02  0.86062185038874D+01 -0.19107306348794D+02 -0.21938459147802D-03 -0.34121239469031D-03 -0.87985527128286D-03
 -0.13559401858015D+02  0.78765942673133D+01 -0.17406885419981D+02  0.56350021618729D-03 -0.19081122836253D-03  0.10536067429851D-03
 -0.11759931596172D+02  0.53259564848146D+01 -0.18206020301306D+02 -0.41191362615731D-03  0.10680090406655D-02 -0.56045345142696D-03
  0.56416058987383D+01  0.20330404613004D+02 -0.61785217052662D+01 -0.43439588136851D-03 -0.23223988761815D-03 -0.23654440641217D-03
  0.71166149736972D+01  0.19286525885327D+02 -0.66578706059400D+01 -0.63362005145208D-03 -0.31947468332913D-03 -0.75836590780043D-03
  0.35461681596125D+01  0.19347903443194D+02 -0.74598289801605D+01 -0.11737891567922D-03 -0.88582311248081D-05 -0.25142452595098D-03
  0.29237089825557D+01  0.17541627146895D+02 -0.65107906337861D+01 -0.15332289660734D-02 -0.19410415290455D-02  0.12576984669980D-02
  0.39788516037945D+01  0.19245131296662D+02 -0.93874543380744D+01 -0.73329965133221D-03 -0.17356090460444D-02  0.21533119922612D-02
  0.22944975796951D+01  0.20830106748607D+02 -0.71111052404268D+01  0.12036945140688D-03  0.10647077056305D-02  0.65557184247556D-03
  0.11485024538385D+01 -0.18708858395967D+02 -0.55183461657273D+01  0.23729821601303D-03  0.74738729377377D-04  0.32689349241930D-03
 -0.30461507742388D-01 -0.18261502557900D+02 -0.68919278571384D+01 -0.12915404759378D-02  0.25241178966898D-03 -0.19578182436117D-02
 -0.95861275505792D-01 -0.18832037365015D+02 -0.30872795281914D+01  0.48496246217436D-03  0.10822655322737D-03  0.10949225353629D-03
 -0.16449335985246D+01 -0.20044689495150D+02 -0.29526116935231D+01  0.57136363474878D-03  0.13101792880624D-02 -0.10559931234520D-02
 -0.98724488537373D+00 -0.16901272246905D+02 -0.25229444658325D+01 -0.16207464325530D-02  0.12535444405615D-02  0.19096730379306D-03
  0.12995788299515D+01 -0.19270334445960D+02 -0.17998327490539D+01  0.92101236288398D-03  0.48226394749715D-06 -0.36194628151924D-03
  0.32182317575753D+01 -0.18731669836594D+02  0.18763031065261D+01 -0.20043765987152D-03 -0.29007480604657D-03  0.33961651534412D-04
  0.32411210516625D+01 -0.18285183379525D+02  0.36607162048491D+01  0.56037077133618D-03 -0.16428451172428D-02 -0.45206837731568D-03
  0.56481448251560D+01 -0.19789776981173D+02  0.10242795762435D+01 -0.70941463435702D-04 -0.15526880029306D-03 -0.38591309514603D-04
  0.53307838108228D+01 -0.20297768163462D+02 -0.97556986288195D+00 -0.83255033160541D-03 -0.66593789110184D-03  0.56075441311492D-03
  0.61080040757902D+01 -0.21427845317705D+02  0.23619767641903D+01 -0.15831323585301D-02 -0.16844550968291D-02 -0.21258330902616D-03
  0.72009015664876D+01 -0.18562569537607D+02  0.12973174221890D+01 -0.15237592792600D-02  0.12733822942460D-02 -0.31397703705547D-03
 -0.87803198956692D+01 -0.19505554983051D+02 -0.36578496750926D+01 -0.10136213719536D-03 -0.15505832249816D-03 -0.37533098047297D-03
 -0.95838791321742D+01 -0.20071611240965D+02 -0.20808246788044D+01  0.90256588039023D-03 -0.15126481658909D-02  0.94048288364154D-03
 -0.10652548269626D+02 -0.17933233241615D+02 -0.45797403848548D+01  0.32560981823866D-04 -0.18538552550550D-03  0.25359509946285D-03
 -0.10500600422981D+02 -0.15816409971257D+02 -0.42014328210862D+01  0.79078754497531D-03  0.68738292958109D-03 -0.11127289709532D-02
 -0.12435370950579D+02 -0.18728570353165D+02 -0.38026615173656D+01  0.17135183989459D-02  0.16365108571554D-02  0.78653379005797D-03
 -0.10659654383284D+02 -0.17810820650543D+02 -0.66608565410851D+01  0.56521959261875D-03  0.46018935119021D-03  0.58099354607920D-03
 -0.10295057873297D+02  0.86348884760062D-01 -0.78332552285853D+01  0.21504668217051D-03 -0.32927162486386D-03 -0.71488242449592D-04
 -0.98039125952926D+01  0.45284527845769D+00 -0.94846804509042D+01 -0.22918679848951D-02 -0.16064172292094D-04 -0.91685246261956D-03
 -0.86392807535085D+01  0.43989215654527D+00 -0.55579846044657D+01 -0.45168541639255D-05 -0.32020601306538D-04 -0.17453417404351D-03
 -0.78306640747888D+01  0.22829812616308D+01 -0.54652674235699D+01  0.20662017548399D-02  0.68398048015686D-04 -0.42549443988701D-03
 -0.70947610725236D+01 -0.91285451442488D+00 -0.55945474895201D+01 -0.49486203858526D-03 -0.23055801622850D-03  0.10406409117071D-02
 -0.98084016483412D+01  0.34193330752877D+00 -0.37775737133154D+01 -0.31820490542154D-04 -0.22854510303562D-03  0.13600531411771D-02
  0.11546991543944D+02  0.11588977345802D+01  0.56457316356519D+01  0.19555727951486D-03  0.97040966629230D-05 -0.12041462142858D-03
  0.12244708446392D+02  0.21696397618860D+01  0.69572105923922D+01 -0.10221803382552D-02  0.89325126357538D-03 -0.12640909122940D-02
  0.12042540010084D+02  0.22722508921949D+01  0.33661825469361D+01 -0.64288502597276D-03  0.41744082999569D-03  0.46180802937775D-03
  0.11800465219744D+02  0.99082250365211D+00  0.17000848734919D+01  0.12197007371452D-02  0.56836176056420D-03 -0.10736233982626D-02
  0.13841187637556D+02  0.33130605013037D+01  0.33682374302511D+01 -0.10013543734316D-02  0.45873983741439D-03  0.72640268038330D-03
  0.10760755620565D+02  0.39283228278346D+01  0.29637035531670D+01  0.11646856650596D-02 -0.59584204622261D-03 -0.81300777198669D-04
  0.16184010729388D+02 -0.54249536333789D+01 -0.82319555829275D+01  0.19852996938428D-04  0.86037046373618D-04 -0.10964702609594D-03
  0.14967680667717D+02 -0.67220909659366D+01 -0.79159057615324D+01  0.99003130238671D-03  0.45263535908317D-03 -0.15737399870868D-02
  0.18715426101339D+02 -0.62451501869500D+01 -0.87980428432481D+01  0.49965248425469D-04  0.31488066982788D-03 -0.39622392817812D-03
  0.19664944447029D+02 -0.44859148030439D+01 -0.86788158680319D+01 -0.23984595907962D-03 -0.23033714924595D-02  0.39114282801932D-03
  0.18595120604076D+02 -0.72576744986118D+01 -0.10514599838595D+02 -0.19792466447924D-02  0.39671199194620D-03  0.15403429128681D-03
  0.19075154648176D+02 -0.74756121241238D+01 -0.72215244482451D+01 -0.10239319195225D-02 -0.66726181381177D-03  0.69407853458171D-03
 -0.83746444041084D+01  0.40844820537307D+01 -0.11672240444290D+02  0.42617376097495D-03  0.17111094334138D-03 -0.76739569426021D-04
 -0.72945341339906D+01  0.54810727048529D+01 -0.10966326420392D+02  0.38811559122126D-03  0.13592719940663D-02  0.42909737595740D-04
 -0.67067207516670D+01  0.23939723286099D+01 -0.12612037049609D+02 -0.29159251075153D-03  0.36789891882211D-03 -0.26908501117058D-03
 -0.56783237492940D+01  0.11296705251076D+01 -0.11261865917687D+02  0.77691570939936D-03 -0.81367352936346D-03 -0.40435446938375D-03
 -0.51325136566920D+01  0.31667941356942D+01 -0.13837866235160D+02  0.26107400353556D-03  0.36034373183222D-03  0.41567166548071D-03
 -0.78557294450621D+01  0.12284892671444D+01 -0.13791748680943D+02  0.80722394573144D-03 -0.17582135592721D-04 -0.10834450894489D-02
  0.38787807539209D+01  0.19153900370704D+01  0.22346076665133D+01  0.42608731237179D-04  0.16773778184900D-04 -0.11985335057278D-03
  0.37371538755552D+01  0.31097586443382D+01  0.63464455046911D+00  0.15478516772527D-02  0.61436825813392D-03  0.45203309248673D-03
  0.49351714354111D+01  0.32227065290910D+01  0.42711375858814D+01 -0.16800371708348D-03 -0.25289670397749D-03 -0.33798541248556D-03
  0.65216067253796D+01  0.44923886966580D+01  0.35222834106697D+01  0.10492419662322D-02  0.58500734984829D-03  0.36665808645072D-03
  0.57064343747654D+01  0.18397547573919D+01  0.56733740677138D+01  0.64403739269844D-03 -0.10712864912858D-02  0.20036475764504D-02
  0.34371127873742D+01  0.45999552162257D+01  0.53465008833147D+01 -0.16443878765872D-02  0.25198067831864D-02  0.45769104385812D-03
 -0.15819527093546D+02 -0.47606983913046D+01 -0.78145718085718D+00 -0.21848582016738D-03  0.24367859413726D-03 -0.22226814904801D-03
 -0.15620029754039D+02 -0.29554580305653D+01 -0.79330273615430D+00  0.24199906695672D-02  0.78490196405769D-03 -0.14110102799422D-03
 -0.16938045783254D+02 -0.50571238398902D+01 -0.33638406946810D+01  0.31094299729371D-03 -0.63472989469362D-03 -0.27091546791008D-03
 -0.15561622912604D+02 -0.51633232585095D+01 -0.49161853066282D+01 -0.67440969546481D-04  0.12252761312545D-02 -0.90969962690540D-03
 -0.18446530604815D+02 -0.36180461574715D+01 -0.40479537193739D+01  0.79965552282658D-03  0.13361955653565D-02 -0.14621541695763D-03
 -0.17821821455520D+02 -0.68479108815717D+01 -0.31648724970073D+01 -0.11038883866251D-02  0.50211087717534D-05 -0.14159164057818D-02
  0.86863452474275D+01 -0.41158995610135D+01  0.76253418177690D+01  0.16931962972510D-03 -0.95823455530874D-04 -0.11808639652258D-03
  0.91923050603495D+01 -0.33676797319745D+01  0.60090690384534D+01 -0.73652260770421D-03  0.73258794125043D-03 -0.71516799314074D-03
  0.10074687539201D+02 -0.61915666171969D+01  0.86047868560968D+01 -0.54813593657425D-03 -0.15008292403001D-03  0.40528243039261D-03
  0.97853838983891D+01 -0.61722920111876D+01  0.10688758962943D+02 -0.12314642341006D-03  0.71586683043876D-03 -0.24664201445085D-05
  0.12188735025475D+02 -0.60545312362664D+01  0.83454615825587D+01  0.29303894135434D-04 -0.15582738337792D-02 -0.85258485494736D-04
  0.91533197967003D+01 -0.77862781933848D+01  0.75043382610644D+01 -0.38664337615230D-03  0.61834822224785D-05 -0.17845831273478D-02
 -0.52527769370238D+01 -0.17783969368560D+02 -0.75732537964447D+01  0.37417932959954D-05  0.94526198796109D-04 -0.78583103288191D-04
 -0.61137948142023D+01 -0.18632531139759D+02 -0.60641366122308D+01 -0.24402585013452D-03 -0.81294422910337D-03  0.63125058194283D-04
 -0.46648579801017D+01 -0.15336429000630D+02 -0.72143298006126D+01 -0.36050183066404D-03  0.15690224617884D-03 -0.11889583466384D-03
 -0.62956462807716D+01 -0.13966300385789D+02 -0.68829825616420D+01 -0.55355002301072D-03 -0.89792291670738D-03 -0.75271504972165D-03
 -0.39938329098800D+01 -0.14650314131644D+02 -0.89911888273089D+01 -0.10928232568128D-02  0.13327960682814D-03 -0.54230585977735D-03
 -0.32733556223891D+01 -0.15024260975931D+02 -0.57686841817416D+01 -0.12031043456089D-02  0.12396684465274D-03  0.11245854617160D-03
  0.12208405682285D+02  0.10325426104369D+02 -0.93396818706309D+01  0.11508890980123D-03  0.61108075030619D-04 -0.42165193849813D-04
  0.13580404343502D+02  0.96566207162668D+01 -0.85835548832376D+01 -0.25853968574682D-03 -0.20001395929856D-03  0.86234702575528D-03
  0.12833124445367D+02  0.10451967159895D+02 -0.11928864258885D+02  0.29807686671074D-03 -0.92474678556068D-03 -0.22762613643477D-03
  0.14147595716239D+02  0.11994471438717D+02 -0.12258251728591D+02 -0.45520625179948D-04 -0.21441475003396D-03 -0.19231503562787D-03
  0.11225547066006D+02  0.10477841442954D+02 -0.13130294658805D+02 -0.84329653462367D-03  0.18739842421347D-03 -0.12371794044298D-02
  0.14116576760519D+02  0.88833323344516D+01 -0.12491828972732D+02 -0.19406544813402D-03  0.38061012395845D-03 -0.13745197491286D-02
 -0.83191010680981D+01 -0.22988746580657D+01 -0.14889848366587D+02  0.30559594818716D-03  0.36857097539875D-03 -0.41983452581760D-04
 -0.73327606768804D+01 -0.38732430374122D+01 -0.14501049156927D+02  0.68608317485336D-03 -0.21482190661076D-02 -0.20524746619917D-03
 -0.97429969997805D+01 -0.24221766003631D+01 -0.17036781908834D+02 -0.21173271826474D-03 -0.17398722404092D-03 -0.33791923290453D-03
 -0.93485014258978D+01 -0.42049305379415D+01 -0.18244075130426D+02 -0.47653867580172D-03  0.10329843339095D-02 -0.29206706034615D-03
 -0.93214123390936D+01 -0.85939518894727D+00 -0.17928145635509D+02 -0.62938573440846D-03 -0.14609243194999D-02 -0.60144861122820D-03
 -0.11789490174446D+02 -0.23925981994147D+01 -0.16665004905249D+02  0.10618462813019D-02 -0.34140301814350D-03  0.11637417292171D-02
 -0.13397047362289D+02 -0.43670821831031D+01 -0.10041066816564D+02 -0.35042991019517D-03  0.52909368148766D-04 -0.11757211314623D-03
 -0.11792134205006D+02 -0.35913579647073D+01 -0.10440598891411D+02  0.12554988764388D-03  0.29041413472832D-03  0.43644197089429D-03
 -0.14570076463994D+02 -0.19921594799621D+01 -0.94767223138012D+01 -0.19747917015743D-03  0.72671936032225D-04  0.11323618212327D-03
 -0.13371915446015D+02 -0.77888152045912D+00 -0.84317597552412D+01 -0.60358607257198D-03  0.15621976749322D-03 -0.94651272455010D-04
 -0.16318996815092D+02 -0.22690953545321D+01 -0.82474600997183D+01  0.39777143290206D-03  0.10739996125691D-02  0.51506625508881D-03
 -0.15359525400903D+02 -0.14585497630875D+01 -0.11395915546848D+02  0.63016457919569D-03 -0.75203678926216D-03  0.75213547270792D-03
  0.12048237525738D+02  0.10004262522808D+02  0.12160240538626D+02 -0.59029708281583D-04 -0.10148243821559D-03 -0.29621914365227D-03
  0.10471659351813D+02  0.90878466547572D+01  0.12381377664070D+02 -0.11286225163881D-02  0.13799396283458D-02 -0.15506305667108D-02
  0.13293369893451D+02  0.96916276046646D+01  0.14448884547186D+02 -0.92912540606354D-04  0.27465839038567D-03  0.49667708190159D-04
  0.14791084345987D+02  0.11440701267194D+02  0.14547324556244D+02 -0.50719711350385D-04 -0.46384263006010D-04 -0.11660613314786D-04
  0.14299793153152D+02  0.78970443641452D+01  0.14328409759400D+02 -0.18025819983738D-02 -0.13306581675042D-03 -0.20296140755457D-03
  0.12184123260018D+02  0.99638899129577D+01  0.16187667228793D+02 -0.93582773224091D-03 -0.56086007975923D-03  0.71193400491237D-03
  0.13471880150755D+02 -0.83790379396698D+01  0.13788272832492D+02  0.21786978700367D-03 -0.18046975515998D-03  0.10157518982052D-03
  0.11725136642918D+02 -0.79380350823180D+01  0.14228895513116D+02 -0.26486565809852D-03  0.74455700050613D-03  0.66086673599350D-03
  0.13337911426324D+02 -0.10326853391981D+02  0.12108436984784D+02  0.56809742789400D-04  0.23453570297004D-03  0.32224971578589D-03
  0.13204145003609D+02 -0.12093416135453D+02  0.13057774534460D+02 -0.37630991438624D-03  0.18972184687866D-03 -0.72756363206025D-03
  0.15135428181059D+02 -0.10522018203941D+02  0.11116374343694D+02 -0.10478099115045D-02 -0.22537414956114D-03 -0.90961849937423D-03
  0.11795682452363D+02 -0.99968686987829D+01  0.10544042572403D+02  0.40773217342233D-07  0.15525503420824D-04  0.17282049898471D-02
  0.48907851221121D+01 -0.97718808981370D+01 -0.69778544586352D+00  0.13531438370831D-04 -0.11168796273468D-03  0.90699965558002D-04
  0.39804837312144D+01 -0.83754989644549D+01 -0.63543846617133D-01  0.14620178473589D-02  0.16038475512294D-02  0.59628282818443D-03
  0.37727961096366D+01 -0.12225063014588D+02  0.20333572320677D+00 -0.15386564252553D-03 -0.29728817956186D-03  0.50197680871182D-03
  0.36545392847707D+01 -0.13456841112811D+02 -0.13864735180513D+01  0.44576743015488D-03 -0.10324380111486D-02 -0.10036811667802D-02
  0.21306935141704D+01 -0.11736233562522D+02  0.13436831838600D+01 -0.16888924321529D-03 -0.14882178424573D-03  0.92234056531420D-03
  0.53483884294143D+01 -0.12792514326469D+02  0.13869921561796D+01  0.62480916670792D-03  0.15209867019900D-02  0.13659599192691D-02
 -0.32400983887689D+01 -0.24347413203191D+01 -0.16388889473125D+02  0.32587972957898D-03 -0.10602082160152D-03 -0.20744666547163D-03
 -0.46585026329577D+01 -0.16462982940768D+01 -0.15410336426212D+02  0.11145789975817D-03  0.80257796667323D-04 -0.68397458046390D-03
 -0.96576017424210D+00 -0.10794632461643D+01 -0.16052911737004D+02  0.63791675654679D-04 -0.24742377893996D-03  0.22746706956714D-03
 -0.54540865498080D+00 -0.16569891364702D+01 -0.14196088820996D+02 -0.14646058222186D-02 -0.12660635086495D-02  0.60468411903241D-03
 -0.12960210422609D+01  0.11367092451051D+01 -0.15992744900625D+02  0.92154139439515D-03  0.12397613988604D-02 -0.13337786602274D-02
  0.48732824651724D+00 -0.15276750050777D+01 -0.17315214985636D+02  0.46178521296861D-03  0.58083768214941D-03 -0.72991939250598D-03
  0.15466255284532D+02  0.88775192647042D+01  0.60744299356293D+01  0.23624662716109D-03  0.27284639554054D-03  0.15295657988684D-03
  0.14114851709441D+02  0.79480919530596D+01  0.69081004536253D+01 -0.59858222665017D-03  0.48369306213074D-03  0.63105828297724D-03
  0.17242100630069D+02  0.93278795725924D+01  0.79374208060985D+01 -0.18639122630569D-03 -0.74861986090302D-04  0.88609051709107D-04
  0.16658397436136D+02  0.87116738032595D+01  0.98037557853882D+01  0.74924720312471D-03  0.34127651488025D-04  0.14623676481365D-02
  0.17119265345608D+02  0.11495522165274D+02  0.82058089701681D+01 -0.14399822691891D-02  0.95275118197024D-03 -0.37640346921112D-03
  0.19203903997344D+02  0.89095321496346D+01  0.70739793787829D+01 -0.76235562427179D-03 -0.16608914821685D-02  0.26269936675434D-03
  0.20879587372102D+02 -0.39909627652818D+01  0.32190582911119D+01  0.29394755052134D-04  0.58619301960448D-04  0.24731862234855D-03
  0.20494630698863D+02 -0.35948541747198D+01  0.49104888709556D+01 -0.14194075145772D-02 -0.12349065461773D-02  0.60225924512514D-03
  0.20774718980689D+02 -0.17108573244856D+01  0.17996143959592D+01  0.60015768659630D-04  0.42503738546894D-04  0.11701429709103D-03
  0.20309891913919D+02 -0.20122122903575D+01 -0.14954669833780D+00  0.10244616652353D-02  0.53084192289403D-03 -0.11446225467104D-02
  0.22617913403073D+02 -0.74356469800298D+00  0.19045586514694D+01  0.38355932052780D-03  0.21282666443833D-02 -0.29972642460190D-03
  0.19396590344612D+02 -0.38478096384180D+00  0.25002737892592D+01 -0.79579050716593D-03  0.66992017772426D-03  0.11978173220747D-02
 -0.89179192363860D+01 -0.21265896051248D+02  0.21649584477843D+01 -0.68635032065587D-04 -0.14339764018107D-03  0.39017813978318D-03
 -0.70904519784554D+01 -0.21433854334629D+02  0.25867387835631D+01 -0.20769677716682D-03  0.22598451390560D-03  0.30927487305473D-03
 -0.99477952678164D+01 -0.19913152230272D+02  0.40971694202672D+01  0.98715785759177D-04 -0.24118924120764D-03  0.38265314058428D-03
 -0.93570149428893D+01 -0.17960515224093D+02  0.39187934642759D+01  0.36215560941537D-03  0.51279126013199D-03  0.40271633957906D-03
 -0.92609750591983D+01 -0.20463382260233D+02  0.60255506188565D+01 -0.30371030191841D-03  0.70387744484173D-03  0.40174719202715D-03
 -0.11856633884568D+02 -0.20243109295360D+02  0.39607628357910D+01  0.11357199137386D-02  0.22784085244380D-03  0.70996150646046D-03
  0.13341961982473D+02 -0.15995751510199D+01 -0.14541174405831D+02 -0.27820278526925D-04 -0.61879954662532D-03  0.39273029017622D-03
  0.11674297940083D+02 -0.20083389713851D+01 -0.13783410671649D+02  0.10721912486726D-02 -0.77159098473508D-03  0.10176943900924D-03
  0.13532612532420D+02 -0.38688261104323D+00 -0.16877030987746D+02 -0.24408013049391D-03  0.32836642939634D-03 -0.10312799568643D-03
  0.13115693505672D+02 -0.18391321680941D+01 -0.18505697369813D+02 -0.99467290519091D-03  0.70634167115737D-03  0.41096643954992D-03
  0.15396948191498D+02  0.31756055701032D+00 -0.16904274508644D+02 -0.15726756352564D-02  0.40827116320741D-03 -0.59678896520919D-04
  0.12376125226284D+02  0.13369530619939D+01 -0.17003940383695D+02  0.12600441218152D-03  0.20464625826875D-03 -0.81303687853746D-03
 -0.45351309283000D+01 -0.42601793512633D+01  0.28964469171306D+01  0.18826615935706D-03 -0.22514895118808D-03 -0.10811094548213D-04
 -0.32920147429336D+01 -0.30493209833932D+01  0.34861723485812D+01 -0.58375595886034D-04  0.13042415183175D-02  0.19662897851955D-02
 -0.66035031046665D+01 -0.45019287432042D+01  0.47129243688155D+01 -0.20619393499726D-03 -0.46164417853690D-03 -0.28596560773357D-03
 -0.59338142725370D+01 -0.55068202208520D+01  0.64612621634556D+01 -0.79089650634676D-03  0.16939507474892D-03  0.72051340740074D-05
 -0.79031769878006D+01 -0.56991351698092D+01  0.36834450685608D+01 -0.37203819823016D-03 -0.22579210487677D-04 -0.11386576182930D-02
 -0.75777956389833D+01 -0.27126675688674D+01  0.52182460009472D+01  0.20693347745456D-03  0.88651529383420D-03  0.13552864769186D-03
  0.45674326113380D+01  0.10941693275647D+02  0.10960328274764D+02 -0.32249978464985D-03  0.25008051690548D-03  0.22863028733109D-03
  0.30224058678136D+01  0.11482588141085D+02  0.10095870671943D+02 -0.11903070798870D-02  0.46239095892350D-03 -0.35717848297057D-03
  0.64789354246696D+01  0.12699257418615D+02  0.11736743742767D+02 -0.15957139101028D-03 -0.30908935428091D-03  0.22325830064479D-03
  0.56013704607220D+01  0.14417252233430D+02  0.12697075594926D+02  0.54386441037815D-03  0.16226800905745D-02  0.18785934633532D-02
  0.72501781057781D+01  0.13893302228395D+02  0.10166204502479D+02 -0.26862951639288D-03 -0.80535056575512D-03  0.72031555115061D-03
  0.76955613492576D+01  0.11574460094607D+02  0.12814502776916D+02 -0.22843244420725D-03  0.14787977303618D-02  0.16429772352474D-02
 -0.51200807307664D+01 -0.12127850434729D+02  0.18187001086123D+02 -0.21997870044847D-03  0.58781465206273D-03  0.44506334853348D-03
 -0.69039667314660D+01 -0.12462496912043D+02  0.18070552496009D+02 -0.76539951822959D-03  0.10848363740796D-02  0.10546664826578D-02
 -0.46786057293432D+01 -0.95267521231885D+01  0.18814744649604D+02  0.49205519588501D-03 -0.11618714369586D-03  0.19820617433844D-03
 -0.26941562053926D+01 -0.94337829742100D+01  0.18792321216354D+02 -0.82694421576935D-03  0.12775814529485D-02  0.40691306176468D-03
 -0.54261284721355D+01 -0.91739867038747D+01  0.20845833337922D+02 -0.31189012817313D-03  0.40180508335051D-03 -0.80188914818670D-03
 -0.52914017508217D+01 -0.80228886956138D+01  0.17463649272210D+02  0.18253806933431D-03  0.12834648712896D-02  0.18313550117172D-02
 -0.21183071018254D+02  0.88496968852856D+01  0.45342523844073D+01 -0.33044376916289D-05 -0.30221491776465D-03 -0.29873256052603D-03
 -0.19697613365071D+02  0.84963289505404D+01  0.57353325787234D+01  0.27511570122862D-02  0.90108599241292D-03 -0.15760484631837D-03
 -0.20838809827590D+02  0.72141868854660D+01  0.23601557486155D+01 -0.31676031970961D-04  0.77618883981512D-05  0.39025116886386D-03
 -0.19307714782479D+02  0.57040125337798D+01  0.25408828485345D+01 -0.78768906880028D-04 -0.10068021260324D-02 -0.11710542210921D-02
 -0.20014829248805D+02  0.82496220291839D+01  0.64619312569457D+00  0.13531718958466D-02 -0.13711154709094D-02 -0.50085270869989D-03
 -0.22692650773649D+02  0.59695052211350D+01  0.21415129638114D+01 -0.22946863511913D-02 -0.38917521350410D-03  0.50002836363157D-03
 -0.11441169836291D+02 -0.10219514311034D+02  0.11691730540785D+02 -0.28477925504450D-03 -0.14095810224967D-03 -0.23101552035381D-03
 -0.12174279708413D+02 -0.11323318964854D+02  0.10477730943726D+02  0.13428512454204D-02  0.69583048473142D-03 -0.83522650922491D-03
 -0.93639760531657D+01 -0.90127836128683D+01  0.10406276183347D+02  0.24124798994249D-03  0.21797011622564D-03  0.16843912416391D-04
 -0.87589572841885D+01 -0.72464972680550D+01  0.11403744312269D+02  0.12372869149010D-02  0.56418858714701D-03  0.92739031333211D-03
 -0.98240285258164D+01 -0.85935915775734D+01  0.84084416449362D+01 -0.98421788050637D-03  0.34899290266825D-03 -0.17027538294324D-02
 -0.77489035115961D+01 -0.10263929902893D+02  0.10292068071721D+02  0.42479322766232D-04 -0.62993273358490D-03  0.48512569014448D-04
  0.80976338727230D+01  0.19322938556488D+02 -0.73015349571137D+00  0.25977195210355D-03  0.16518254527146D-03 -0.65184279300075D-04
  0.71258346510428D+01  0.20053084365341D+02 -0.21057021159586D+01 -0.38656102177421D-03  0.97094244738102D-03  0.52557165520277D-03
  0.96195593222334D+01  0.17379791229756D+02 -0.17121412994055D+01 -0.32766420635275D-03 -0.97569418211142D-04  0.50224403112220D-03
  0.10666660876283D+02  0.16759366828662D+02 -0.14721561910216D+00 -0.79374015690919D-03 -0.13312487023554D-02 -0.13749786091602D-03
  0.10782018410745D+02  0.18451798368660D+02 -0.28129680468625D+01  0.73340638145451D-03  0.14582899905039D-02  0.76740742541231D-03
  0.85059852291432D+01  0.16129237833451D+02 -0.28616911783804D+01 -0.12428260739059D-02  0.68481992864872D-03  0.11680948832684D-03
  0.88365814015172D+01 -0.14738619732963D+02  0.14723264862721D+02 -0.32644647383571D-04 -0.44505748800448D-04  0.16344699059672D-03
  0.10078967124848D+02 -0.13688899415340D+02  0.13723551803352D+02 -0.10765580713827D-02 -0.94001780644196D-03 -0.11391286645659D-02
  0.66193367988925D+01 -0.15517666245061D+02  0.13362363273951D+02 -0.17632461184519D-03  0.30926796560341D-03  0.21098056961666D-04
  0.48839548936575D+01 -0.14247480386412D+02  0.13791097838262D+02 -0.13712519447950D-02  0.75562835207708D-03 -0.14214722248507D-02
  0.64206670882955D+01 -0.17358801197517D+02  0.14188219820688D+02 -0.50076955502592D-03 -0.14677464899977D-03  0.82998438853012D-03
  0.70468274677443D+01 -0.15654339423373D+02  0.11395777780592D+02 -0.87352258703191D-03  0.48889146040321D-03 -0.83635656162581D-04
 -0.33128621698286D+01 -0.20557520160689D+02  0.50084175563792D+01 -0.76986797365066D-05  0.11613245229541D-03 -0.26628119435894D-03
 -0.31869971771950D+01 -0.18817390737369D+02  0.50287158513643D+01 -0.21030940471959D-03 -0.60880640325870D-03  0.18446187517826D-03
 -0.11070821206033D+01 -0.21574622171556D+02  0.37313509315911D+01  0.12521197325314D-05 -0.19287919654473D-04 -0.50956772633472D-03
 -0.15708544658254D+01 -0.23428111636385D+02  0.34027690875992D+01 -0.15811429703191D-02  0.89046401753637D-03  0.76819719536736D-03
  0.52461253261030D+00 -0.21252291174303D+02  0.49362441937740D+01  0.37751127659915D-03 -0.56224993546669D-03  0.23371410363362D-02
 -0.73295312920949D+00 -0.20526682026407D+02  0.19537338292506D+01 -0.15416517068293D-02 -0.18917471161307D-02  0.46213261407093D-03
  0.30762379412936D+01 -0.17571031641956D+02  0.81785546788630D+01 -0.22198900586768D-03 -0.28102186566074D-03  0.14813601209099D-03
  0.16507133652915D+01 -0.16537190107599D+02  0.87962643819689D+01  0.12520755679476D-02  0.20350845058366D-03  0.86563195949668D-03
  0.26075112121168D+01 -0.19929228107677D+02  0.95692262780999D+01 -0.34240666525489D-03  0.75049062172452D-04  0.42660759699812D-04
  0.30704357725138D+01 -0.19561386199524D+02  0.11525128558919D+02 -0.13399332226765D-02  0.24716110627032D-03  0.31887198475839D-03
  0.41139711363032D+01 -0.21005366695762D+02  0.86121384145710D+01  0.49530677983603D-03 -0.18040079223029D-03 -0.89180655991075D-04
  0.49148752860218D+00 -0.20216004119847D+02  0.93324400107342D+01 -0.31430348742054D-03  0.45150613425995D-03 -0.16058135914419D-03
 -0.16958992976572D+02 -0.52555618406275D+01  0.52898268837817D+01 -0.10937065156500D-03 -0.46473202771596D-03  0.38850339436381D-03
 -0.16741842680192D+02 -0.48604789597137D+01  0.35476597572245D+01  0.71633002110222D-03  0.20977593649884D-05  0.11250912830107D-02
 -0.19612508320395D+02 -0.52308066452248D+01  0.57043013459133D+01  0.74703228346010D-04  0.32972631200916D-03 -0.42283396185244D-04
 -0.20314024394247D+02 -0.33064343964499D+01  0.51489835336473D+01  0.27999624730968D-03 -0.10691406797933D-03 -0.46156016148070D-03
 -0.20111422881640D+02 -0.59071054418510D+01  0.75725948572446D+01  0.36810857121583D-04 -0.91467347210282D-04 -0.71966130627974D-03
 -0.20619787399682D+02 -0.62356174945332D+01  0.41327568641875D+01  0.49011049224868D-03  0.22559141122030D-02  0.61595357264392D-03
 -0.12580497199828D+02 -0.26087805397537D+01  0.15259075630790D+02 -0.10770639020873D-03  0.10726266534709D-03 -0.28436550239970D-03
 -0.12023586098198D+02 -0.25115492709201D+01  0.16973642059994D+02 -0.24832589246808D-04 -0.11338923478034D-02 -0.10633205324570D-02
 -0.12814984894893D+02 -0.53116267729355D+01  0.14751904077623D+02 -0.55045650382593D-04  0.53486588488304D-03  0.24507700960366D-03
 -0.14403048094920D+02 -0.61463087919990D+01  0.15736248004645D+02  0.12778406740845D-02  0.12961454970542D-03  0.19326936823929D-03
 -0.11131504991462D+02 -0.62376397136802D+01  0.15238940175914D+02  0.30598718783851D-03 -0.49312079002123D-03  0.14192426296495D-02
 -0.13171287327044D+02 -0.56396784880205D+01  0.12636262148920D+02 -0.64988443200028D-03 -0.70167918202451D-03 -0.28608021933552D-03
  0.13619361817189D+01 -0.24876983228383D+01 -0.27750907383351D+01  0.36810883317262D-03 -0.49901392360981D-04 -0.99530306714559D-04
  0.25939055864164D+00 -0.35957819987963D+01 -0.35876789664406D+01  0.12644510800862D-02 -0.32137858499972D-03 -0.89783340753960D-03
  0.38479588975924D+01 -0.28884465980241D+01 -0.39346130271268D+01  0.25441938431210D-03  0.33547784434246D-03 -0.25852216387126D-03
  0.51577907523245D+01 -0.31841069167130D+01 -0.23740463510848D+01 -0.86034015879865D-03 -0.88523562997856D-03  0.61741248555384D-03
  0.45064723985803D+01 -0.12184992684117D+01 -0.51567975637070D+01  0.65740389245499D-03  0.66780165252062D-03 -0.25914377464846D-02
  0.38882701373560D+01 -0.42163098162513D+01 -0.52875333332579D+01  0.30063420804917D-03  0.38065722139460D-03 -0.44632181299235D-03
 -0.55605044965305D+01 -0.66073773193818D+01 -0.18631135026431D+02  0.10574992321522D-03 -0.15083188281828D-04  0.13452907377796D-03
 -0.48992447044896D+01 -0.51268582693337D+01 -0.17662561098706D+02 -0.10995578119672D-02  0.55832853105696D-03  0.74667920900475D-03
 -0.37830006326247D+01 -0.86979888284838D+01 -0.18379602882570D+02  0.30418393617431D-03  0.31198138221744D-03  0.72887425186333D-04
 -0.36384005880025D+01 -0.94704928361123D+01 -0.20357486157523D+02  0.23364058203632D-03 -0.12408377260365D-02  0.39672927083096D-03
 -0.49644140526798D+01 -0.10038822756797D+02 -0.17244382262682D+02 -0.12771383748957D-02  0.13254027989479D-03 -0.11820981799428D-03
 -0.20451122660263D+01 -0.81925655168705D+01 -0.17572484019401D+02  0.65944149989929D-04 -0.14151453329927D-02 -0.35190804503641D-03
 -0.13726174122914D+02  0.41579073499180D+01 -0.49473159187409D+01 -0.73927095428009D-04 -0.40040268151921D-03 -0.12680417220144D-04
 -0.13538310991866D+02  0.29167096230844D+01 -0.63599560672447D+01 -0.28827832656841D-03 -0.65214256203478D-03  0.11981742071451D-02
 -0.16174722652003D+02  0.36253429045489D+01 -0.40890598226749D+01  0.23430361549420D-03  0.33163120088981D-03 -0.96808326495163D-04
 -0.16658818007717D+02  0.50106787879273D+01 -0.26834128359367D+01  0.12373331830050D-02 -0.10111428583520D-02 -0.16102460230711D-03
 -0.16333068684001D+02  0.18412087958092D+01 -0.30730852196185D+01 -0.11175684047765D-02  0.35813657884681D-03 -0.50102815410512D-03
 -0.17461806481579D+02  0.34352011473243D+01 -0.55699432051884D+01  0.92203379293618D-03 -0.81414335517698D-03 -0.66555617321958D-03
 -0.14597225156357D+02  0.12600485632887D+02 -0.74100689705817D+01  0.35973621960540D-03 -0.23259092858272D-03 -0.19567470696388D-04
 -0.13983516165145D+02  0.12296253432991D+02 -0.58072607862507D+01 -0.75011407960608D-03 -0.12010529955793D-03 -0.48843929140625D-03
 -0.16603517650209D+02  0.10920439930551D+02 -0.79283115242700D+01  0.77036521229710D-04 -0.33803784769902D-03  0.99327559420357D-04
 -0.17664811082819D+02  0.12184084903997D+02 -0.92692548752911D+01 -0.72947820548052D-03 -0.31256726467050D-03  0.10242209626218D-02
 -0.17642131881645D+02  0.10694210790374D+02 -0.61621247171612D+01  0.46976066354836D-03 -0.91624588190694D-03 -0.17796102109850D-02
 -0.15985247864952D+02  0.91114707288793D+01 -0.86071452072037D+01 -0.79349017016128D-03  0.79567692483235D-03  0.34703237733967D-03
 -0.14301458462823D+02  0.17198088115017D+02 -0.71438095823537D+00  0.10695560379702D-05  0.16799592334428D-03  0.25887940114428D-03
 -0.12478193777146D+02  0.17460006672924D+02 -0.10609419191268D+01  0.20500040363328D-03  0.33884736444291D-03  0.23200825990632D-03
 -0.14669332102759D+02  0.15454320095458D+02  0.12700516662970D+01 -0.14769461098035D-03 -0.20574814091417D-03 -0.91549995471364D-04
 -0.16504820460543D+02  0.14829969498260D+02  0.97371741897845D+00 -0.29602815734356D-03 -0.60127727746157D-03  0.22791348332332D-03
 -0.14169642075548D+02  0.16439404810601D+02  0.30775337957951D+01  0.43214649150400D-03  0.10406879344213D-02  0.16627489839115D-02
 -0.13398085893268D+02  0.13956214725127D+02  0.86416573762898D+00 -0.76962932712180D-03  0.63289024027706D-03 -0.39262849294568D-03
 -0.98071980304936D+01  0.34058801577861D+01  0.16284157888294D+02  0.14478558427890D-03  0.16985281546327D-03 -0.17283323754865D-03
 -0.10751574311874D+02  0.45788053497152D+01  0.15357286384974D+02 -0.10053014720191D-02 -0.57376470625413D-03  0.44172217702077D-04
 -0.10651533819776D+02  0.39439074839606D+01  0.18806634881656D+02  0.63474680522320D-04 -0.51726085255376D-03  0.18519405675207D-03
 -0.93405914492403D+01  0.31391901434123D+01  0.20051915111465D+02  0.81338935641099D-03 -0.78146712031026D-04 -0.22237718065190D-02
 -0.12629686583060D+02  0.33395611188761D+01  0.19276541072889D+02 -0.23975667676277D-03  0.65978561643542D-03  0.63696148109642D-03
 -0.10317620494008D+02  0.60491439781586D+01  0.18916376802936D+02 -0.46544115336169D-03  0.23477988732629D-03 -0.34620450011104D-03
 -0.81346395645538D+00  0.21801077225910D+01 -0.32514393713543D+01 -0.26628111362656D-03  0.17992479809356D-03 -0.29644729284103D-03
  0.33121332367542D+00  0.71694293495300D+00 -0.32339148366873D+01 -0.86178127950310D-03  0.26517649850342D-03 -0.82067497795158D-03
 -0.23758336745957D+01  0.23943173654123D+01 -0.53600065896927D+01 -0.12119674839086D-03 -0.50600717976093D-03  0.22698446526870D-03
 -0.38908478369995D+01  0.37080760375517D+01 -0.50378233445960D+01  0.10657264358030D-02 -0.24681032994845D-02 -0.12987034415159D-03
 -0.34420460082835D+01  0.66162998000457D+00 -0.55783164065969D+01  0.12353665728226D-03  0.19417089454129D-02 -0.84153697077251D-04
 -0.11573252923270D+01  0.29236743015789D+01 -0.70790881813788D+01  0.10308145904414D-02 -0.27235863862466D-03  0.52204097719357D-03
  0.33805993256877D+01  0.11464586654264D+02 -0.83247188818009D+01  0.26996304951767D-03  0.23709462970076D-03 -0.23594190685556D-03
  0.44099926670428D+01  0.10281312903787D+02 -0.93192123184523D+01 -0.66286239427719D-03  0.28672372369647D-04 -0.77393149262652D-03
  0.20267096033057D+01  0.13118007761137D+02 -0.10067798591693D+02  0.31196993470112D-03 -0.18437742911545D-03  0.21464591858259D-03
  0.76394803120299D+00  0.14128155284140D+02 -0.88154361194279D+01 -0.19756704052963D-02 -0.12383917872488D-03 -0.20932615946305D-03
  0.12479521019179D+01  0.12213981696563D+02 -0.11785768664011D+02  0.81823567749206D-03 -0.11827381101764D-02 -0.73427522276806D-04
  0.34829404804194D+01  0.14186842127692D+02 -0.11097755556592D+02  0.57799814500829D-04 -0.76560368280026D-03 -0.22076329828215D-02
 -0.39670400176150D+01  0.73853318735453D+01  0.19600740603084D+02  0.56798080885170D-03  0.99287294615386D-04  0.48768144628933D-04
 -0.37188445688866D+01  0.79716006794240D+01  0.17913450510507D+02 -0.17435315068211D-03  0.12522350977958D-02  0.28838832162615D-03
 -0.23433590033080D+01  0.54222881565957D+01  0.19691059770381D+02 -0.50635354038160D-03 -0.43036385325266D-03  0.57593227165757D-03
 -0.23761711695154D+01  0.43348959339027D+01  0.21553390187006D+02  0.12913187791400D-02 -0.53478810387278D-03  0.34949331031107D-03
 -0.29855205520321D+00  0.61433130944860D+01  0.19421970585358D+02  0.64144005136246D-03 -0.91186522475343D-03  0.35505868596554D-03
 -0.24592887157356D+01  0.39662644311644D+01  0.18015491878173D+02  0.14775270127566D-02 -0.59752906695141D-03 -0.17654688156534D-02
  0.72186409063264D+01  0.79941686850899D+01 -0.94497258153694D+01 -0.36050740000919D-03 -0.23412923556452D-03  0.10033579711131D-03
  0.86301806462415D+01  0.87872449646707D+01 -0.86752258969034D+01 -0.23549667613887D-02  0.43318135887430D-03  0.21762584401979D-02
  0.68118265454157D+01  0.53633474373877D+01 -0.87987516377964D+01  0.49206047425635D-03 -0.10902247206809D-03 -0.25699965611428D-04
  0.51452149874687D+01  0.54744507833786D+01 -0.76221043770612D+01 -0.56930270824896D-03 -0.13069526776367D-02  0.60133860015456D-03
  0.84507234147782D+01  0.42246130732120D+01 -0.86568157723210D+01  0.13260895880713D-02  0.23784699812172D-02  0.67020665503802D-04
  0.57899931937011D+01  0.43792052515360D+01 -0.10609036954558D+02 -0.14085059448310D-03  0.20690954366501D-02  0.14885474806003D-02
  0.28870706619467D+01  0.33606892079909D+01 -0.19063044941256D+02  0.40156213758441D-03  0.83099192790739D-07 -0.71937529787424D-04
  0.30814292654910D+01  0.15904220986673D+01 -0.19552686655278D+02  0.37790432718617D-03  0.24558203503016D-03 -0.55170637413278D-03
  0.25724312636291D+01  0.49609185606097D+01 -0.21077927933073D+02 -0.64109317707711D-03 -0.18859885234974D-03 -0.49101233763051D-03
  0.43099105212391D+01  0.57695802086615D+01 -0.21756964985596D+02 -0.57118252796697D-03  0.13415580268793D-02 -0.49124096218949D-04
  0.16546161965948D+01  0.65420598130383D+01 -0.20133987692135D+02 -0.45202237016939D-04  0.85157383084917D-03  0.21817800548255D-02
  0.15396941410266D+01  0.41578220897784D+01 -0.22491241733844D+02 -0.69935628353371D-03 -0.11178978711398D-02  0.74725009186733D-03
  0.92129690727271D+01  0.59095375223045D+01  0.11801933017634D+02 -0.32991246824539D-03  0.47732138210079D-04 -0.94915005071680D-04
  0.79975584829217D+01  0.70042350071458D+01  0.10999420586932D+02  0.27366370523958D-03  0.64406829118705D-03  0.50061566551270D-03
  0.84366490396561D+01  0.55127003167726D+01  0.14355104779250D+02 -0.14648288394817D-03  0.28018307495724D-03  0.59486371177646D-03
  0.88189217684840D+01  0.70538484244363D+01  0.15633696248161D+02 -0.62939931434499D-03 -0.36221910952708D-03 -0.15057514337952D-02
  0.99213935777035D+01  0.40180986920544D+01  0.14853074553809D+02  0.40259442099694D-03 -0.56681472561392D-03 -0.28439995396234D-03
  0.66237012707401D+01  0.48759820365869D+01  0.14433395087562D+02  0.16939791767097D-02 -0.19684503737861D-03 -0.30554597882629D-03
  0.18650740926535D+02 -0.22039836119987D+01  0.79329581812315D+01  0.17520887462604D-03 -0.23333183832748D-03  0.36090599350722D-04
  0.17640508980675D+02 -0.69961918950919D+00  0.80474130444450D+01 -0.42421617967634D-03 -0.15203319612023D-05 -0.88252335415788D-03
  0.17264049261449D+02 -0.40884336689114D+01  0.94160757743755D+01 -0.17505052258609D-03 -0.43376313997877D-03 -0.39234780213913D-03
  0.18731654670117D+02 -0.53275981183807D+01  0.10004626047356D+02  0.23923980355662D-03  0.88686041199595D-03 -0.87850789201240D-04
  0.15946131143578D+02 -0.52350417381574D+01  0.85649448317549D+01  0.17069289505257D-03 -0.19279226263449D-03  0.70234513774435D-03
  0.16794050663969D+02 -0.32640330621165D+01  0.11194666027751D+02  0.11274235078807D-04 -0.26579704904744D-04 -0.12752202500946D-02
 -0.10245031918091D+02 -0.76662564879628D+01 -0.13483967855023D+02 -0.23900113709279D-03  0.76303221382315D-04  0.16916495180305D-03
 -0.10297345392238D+02 -0.84186803166434D+01 -0.11865369986703D+02  0.10981023225384D-02  0.13382329194790D-02 -0.11105512297582D-02
 -0.12548909027642D+02 -0.79430766972417D+01 -0.14688835598265D+02 -0.82075167759877D-04  0.47842702401276D-03 -0.28630758253788D-03
 -0.13328144781383D+02 -0.97704331070063D+01 -0.13932497517666D+02  0.86035884419845D-03  0.13894250924759D-02 -0.26611708739645D-03
 -0.12268010260798D+02 -0.81093731671548D+01 -0.16703465022364D+02 -0.71008440137266D-03 -0.14986034737133D-02 -0.53865578165016D-03
 -0.13854108484011D+02 -0.64084248585652D+01 -0.14040120915664D+02 -0.22411737829042D-03 -0.71585696899269D-03  0.18163719509621D-02
 -0.13060206678036D+02  0.94040718873514D+01 -0.30842562187431D+01 -0.25629960782339D-04  0.15253222318840D-03  0.16982994720484D-03
 -0.13423930944005D+02  0.76743924582750D+01 -0.37378227040393D+01 -0.47379606377173D-03  0.46443513343887D-03 -0.12902621737301D-02
 -0.10554408097327D+02  0.94986894512960D+01 -0.20890454060071D+01  0.11785384169944D-03 -0.11341885392884D-03 -0.22692957753385D-03
 -0.95771056787407D+01  0.76979639643593D+01 -0.27034480501839D+01  0.18069803324308D-03  0.20277267420697D-02  0.19082228767590D-03
 -0.10457514173036D+02  0.10000427631202D+02 -0.10592816991863D+00  0.55620739799575D-03 -0.68604150039490D-03  0.70097568389738D-03
 -0.95212009032743D+01  0.11016658718436D+02 -0.29620181492151D+01  0.59212929467579D-03 -0.10532955166860D-02  0.12278783414770D-02
 -0.59032815149397D+01 -0.17950881754941D+02  0.88452953684616D+01 -0.76907597501408D-04 -0.19091284792842D-03  0.19517598845217D-03
 -0.53380881936006D+01 -0.19681478383568D+02  0.87209001473308D+01 -0.28463018996512D-02  0.50874457563929D-03  0.55497369330002D-03
 -0.72462716803317D+01 -0.17614008114251D+02  0.11279783969995D+02  0.23746174105797D-04  0.35016233681991D-03 -0.86872368798629D-04
 -0.89759876318729D+01 -0.18626687722307D+02  0.11319129045780D+02  0.92046428651336D-03 -0.63200448572856D-03 -0.19725710318008D-02
 -0.78010081059557D+01 -0.15648023545588D+02  0.11558603533490D+02 -0.71140922841736D-03 -0.10219440682843D-02  0.50110171487369D-03
 -0.58905583762884D+01 -0.18147801179734D+02  0.12876500374027D+02  0.70828432608131D-03 -0.34272462035330D-03 -0.69851036450292D-03
 -0.10428812456616D+01 -0.16661787029593D+02 -0.11779921463689D+02 -0.31959000974944D-03 -0.39033337156181D-03  0.19476218285548D-03
 -0.22818325703152D+01 -0.16645742289426D+02 -0.10351295937242D+02  0.12362086119082D-02  0.13115938255160D-03 -0.83959134735909D-04
 -0.19762926059744D+01 -0.15916809142070D+02 -0.14163371560615D+02  0.39449320463609D-05  0.38233299788716D-03  0.22362545429537D-03
 -0.39728147491244D+01 -0.16408082644971D+02 -0.14439957486556D+02 -0.20960007003922D-02  0.29909464727805D-03 -0.21014031705503D-02
 -0.10205173518758D+01 -0.17034905374721D+02 -0.15584264361662D+02 -0.98677445419503D-03  0.10932166716790D-02  0.97863494838363D-03
 -0.16696005136351D+01 -0.13951307793085D+02 -0.14688889664827D+02 -0.18290756364627D-02 -0.78810596890853D-04 -0.38950435978504D-03
  0.16370723791755D+02  0.67931326741149D+01 -0.63521196440504D+01 -0.18843309446628D-04  0.22365060088126D-03  0.26879891241741D-03
  0.15636023631529D+02  0.74228519759618D+01 -0.48767696024632D+01 -0.31043861678253D-04  0.14576769015534D-03 -0.14773615166572D-03
  0.18432219668752D+02  0.83940027473480D+01 -0.70644057158215D+01 -0.81208883796526D-04 -0.51558729617395D-04  0.40123535924174D-04
  0.18593639302690D+02  0.81854969414459D+01 -0.91370704760819D+01  0.30668082596053D-04  0.57506453458086D-03 -0.79983236134940D-03
  0.20080302744536D+02  0.79457227821170D+01 -0.59326337457670D+01 -0.17894876057833D-02 -0.71875818899153D-03 -0.12179775819316D-03
  0.17970041555386D+02  0.10433516792860D+02 -0.65998176850104D+01  0.43356542013601D-03  0.14003202406793D-02  0.20262958003310D-02
 -0.33270216047375D+01 -0.13958838603359D+02 -0.14973884823558D+01  0.25632154722105D-04 -0.12148674091776D-03 -0.23687625330130D-03
 -0.34032308259552D+01 -0.12087028583706D+02 -0.14687499744181D+01 -0.11750665781627D-02 -0.58891866619932D-03 -0.11681186885391D-02
 -0.45533882393303D+01 -0.14741551358502D+02  0.83198089106505D+00 -0.21255728435112D-03 -0.65945851043574D-04  0.24087322782780D-03
 -0.56618384534294D+01 -0.16392259804345D+02  0.19415983660106D+00 -0.14143200514574D-03  0.64241204414589D-03  0.16413171830177D-02
 -0.58092399214850D+01 -0.13339981767286D+02  0.17062204451526D+01 -0.11929849410183D-02 -0.67729867956202D-03  0.83245762083049D-03
 -0.31861233023902D+01 -0.15242754653660D+02  0.21614664063289D+01  0.12322295259368D-03 -0.32467160777659D-03  0.27779366588365D-04
