 -1.0
 -0.22593060338469D+01 -0.14062456063232D+01 -0.16817867939365D+01 -0.16373171124959D-03 -0.58657695425589D-04 -0.34997662167569D-04
 -0.22854473563724D+01  0.30625738296956D+00 -0.11353141452816D+01  0.18194037516562D-03  0.72524460391751D-03 -0.10491324411914D-02
 -0.68047945675660D+00 -0.21870700260492D+01 -0.10216489006299D+01 -0.18950636481499D-02 -0.12493120107935D-02  0.86131047067512D-03
  0.18388154874797D+02 -0.50972173878140D+01 -0.11332443387701D+01  0.28964078254518D-03 -0.16737623297691D-03 -0.40029953098974D-03
  0.19066572787238D+02 -0.38519395468288D+01  0.41845667433802D-01  0.98524772473924D-03  0.82027754186218D-03 -0.29290915022772D-02
  0.15831174669754D+02 -0.54612842734032D+01 -0.79618012027632D+00  0.20311182931116D-03 -0.59798589489029D-04  0.15231696594411D-03
  0.14849332855348D+02 -0.39600269968253D+01  0.30254470251845D+00  0.20024957764300D-02 -0.59363635081765D-03  0.12112574984587D-02
  0.15396513711499D+02 -0.71865020690179D+01  0.27900798831076D+00  0.44206258746138D-03  0.87756204877004D-03 -0.62701830849018D-03
  0.14989114899131D+02 -0.51711800571932D+01 -0.27467070393293D+01  0.33281097227732D-02 -0.23077691936388D-03 -0.49986049783085D-03
 -0.19033374423647D+02  0.12133396381392D+02  0.23894702106883D+01 -0.15415584345153D-03  0.37659629067092D-04  0.10596169884316D-03
 -0.17814619320716D+02  0.12567801144202D+02  0.10163949023401D+01  0.14684802608200D-02  0.27509926978590D-02 -0.68966668621409D-03
 -0.19676455186874D+02  0.95779329469644D+01  0.21784384880033D+01 -0.43412472472728D-03  0.47191350306984D-03  0.74334466200582D-04
 -0.20672977545422D+02  0.93952069833874D+01  0.28898035080136D+00  0.13744449338013D-02  0.11746467598710D-02 -0.28472251048604D-03
 -0.21044191658825D+02  0.91558254261414D+01  0.37148947598504D+01 -0.10078390472851D-02  0.73557851220066D-03  0.63005502096209D-03
 -0.18062194421157D+02  0.82872493350990D+01  0.24486402366116D+01  0.50433357888872D-03  0.43682621933044D-03  0.72129134393017D-03
 -0.14700388287188D+02  0.59895945420007D+01 -0.10694502649007D+02 -0.51187887555494D-04  0.23392864873996D-03 -0.16908442863885D-03
 -0.15594553297365D+02  0.43568707298221D+01 -0.10866635313118D+02 -0.22247428376088D-02 -0.12310424000251D-02 -0.80036310704822D-03
 -0.16806304797808D+02  0.74021117891940D+01 -0.11650690672387D+02 -0.29562678555071D-03  0.15766491867554D-03  0.10742947146969D-03
 -0.18085091733448D+02  0.74727446846335D+01 -0.10194664530945D+02  0.22172732530822D-02  0.13390463025914D-03 -0.10793358559774D-02
 -0.17533450006264D+02  0.65854621241294D+01 -0.13327946306612D+02 -0.11303530467283D-03 -0.57427316724478D-03 -0.98617695219190D-03
 -0.16359502863101D+02  0.92154589023109D+01 -0.12509856568936D+02 -0.10131857281505D-02  0.14000167193879D-02  0.44550939336299D-03
  0.24711437642048D+01  0.13324819042065D+02  0.14937394862475D+02 -0.41137977104860D-03  0.14136811512458D-03 -0.30363211418116D-03
  0.22764991308055D+01  0.12259552679974D+02  0.13452168461482D+02  0.90804458424286D-03 -0.21556586895365D-03  0.12731341575297D-02
  0.42233124782485D+01  0.15199491037807D+02  0.15095729378009D+02 -0.15892798053065D-03  0.31105563957875D-04 -0.29036869033769D-04
  0.46467743319076D+01  0.15678455930447D+02  0.16969152471305D+02  0.10241419647248D-02 -0.12981297243124D-02 -0.63669796922095D-03
  0.35764494810751D+01  0.16894768913562D+02  0.13441472648501D+02  0.23270582530028D-03  0.75086886603674D-03 -0.13672925226552D-02
  0.61701856387437D+01  0.14691471697495D+02  0.14694237560070D+02 -0.48854238305891D-03  0.12523223246031D-02  0.30676303742112D-03
  0.12071263754604D+02  0.18879439487168D+01  0.17312196359827D+02 -0.24920223591433D-03  0.14452637898744D-03  0.46916779890073D-03
  0.11930583491065D+02  0.26388443117131D+01  0.15615297878314D+02  0.34357712997134D-03 -0.15363412084583D-02 -0.14333831602645D-03
  0.14304487243865D+02  0.33702632019981D+00  0.17084680105978D+02  0.30547993442404D-03 -0.27592526321093D-03  0.56592416333596D-03
  0.15918738000074D+02  0.13162793631236D+01  0.16477614781877D+02 -0.19372503129800D-02 -0.22678664767504D-03  0.32484748969831D-03
  0.13893008788975D+02 -0.10172875036106D+01  0.15518227071417D+02  0.81894003382080D-03 -0.11887924025518D-02  0.10099489226549D-02
  0.14719523577954D+02 -0.50327353145446D+00  0.18966045617769D+02  0.10093398139056D-02  0.53927330321367D-03  0.13172045350765D-02
  0.54919870723116D+01 -0.18904420493886D+02  0.29447835435800D+01  0.29618785822795D-04 -0.32419105643757D-04  0.14828438430456D-03
  0.37292075814993D+01 -0.18668745091991D+02  0.31785055040291D+01 -0.10554594107716D-02  0.13237175356859D-02  0.91305533669818D-03
  0.67987030632075D+01 -0.18446706092556D+02  0.51758094503406D+01 -0.31986238291168D-03 -0.67003070816118D-04 -0.33129177810965D-03
  0.86291558292376D+01 -0.17997327676808D+02  0.46287540214222D+01 -0.12817787247540D-02 -0.93901454632401D-03 -0.28403969694120D-03
  0.70483161370134D+01 -0.20240368272528D+02  0.62439607193679D+01 -0.32276739667649D-04 -0.63851245969221D-03 -0.49078178582600D-03
  0.63804713042223D+01 -0.16897358903180D+02  0.64186075889518D+01  0.10211640514476D-02  0.13749721500430D-03  0.13319659377887D-02
  0.44137594640972D+01 -0.33615192092576D+01 -0.67889102332958D+01  0.26150603835807D-03  0.35157107280346D-03 -0.14273750002369D-03
  0.36549232341031D+01 -0.17738908623700D+01 -0.66598415635400D+01 -0.77685426593646D-03  0.11438781526839D-02  0.24975322872313D-03
  0.70072158386347D+01 -0.28027587878271D+01 -0.71411214530953D+01 -0.40728878431518D-03 -0.73694553227778D-06 -0.46384507071261D-03
  0.84476657781402D+01 -0.42710686936570D+01 -0.70162633920204D+01  0.15029633542214D-02  0.18557775116115D-03 -0.65522598588247D-03
  0.75807894138624D+01 -0.12431321401060D+01 -0.59669627527917D+01 -0.55688539655127D-03 -0.29832061873684D-03 -0.10905032686811D-02
  0.74311092923856D+01 -0.18798318587965D+01 -0.89706069520637D+01  0.16461417217184D-02  0.57433958547148D-04  0.10997416209313D-02
  0.48107803406433D+01  0.17907811480434D+02 -0.53292638182615D+01 -0.41231784921522D-04 -0.48058395194120D-03 -0.93399584106860D-05
  0.35370526681433D+01  0.16718429118005D+02 -0.59719982291674D+01  0.10982261776808D-02  0.18760275342093D-02 -0.13272191845298D-02
  0.42806632301814D+01  0.18653513110227D+02 -0.27461090119320D+01  0.16242453733710D-03 -0.28933945787709D-03 -0.21403151569031D-03
  0.61004951278733D+01  0.17868840707719D+02 -0.19527899148598D+01 -0.13320017864332D-03 -0.99349125676364D-03 -0.55087983123305D-03
  0.26656669029154D+01  0.17575647629185D+02 -0.21341169012631D+01 -0.83652322422460D-03  0.97858521102257D-04  0.27605277799712D-03
  0.44566389817905D+01  0.20662622112944D+02 -0.28591442434626D+01  0.59889826611557D-03 -0.49776165764574D-03  0.23423618675739D-03
 -0.89747012853421D+01 -0.49816541826930D+01  0.20615414505170D+02  0.85314234825510D-05  0.16192133565587D-03 -0.15980693477081D-03
 -0.73445427057178D+01 -0.48530513481952D+01  0.21342880617120D+02 -0.13376649718001D-02  0.25271775809943D-03  0.84625958866845D-03
 -0.89343005621488D+01 -0.34096166187288D+01  0.18456331853473D+02  0.98834478459356D-04  0.13265915486832D-03 -0.20684475975390D-03
 -0.10564371432215D+02 -0.41138534713184D+01  0.17440140234838D+02  0.19561746083271D-02 -0.40519709276830D-04  0.16835960015570D-03
 -0.73712643232038D+01 -0.39934517123282D+01  0.17222007495513D+02  0.28285408378739D-03 -0.83921582495351D-03  0.11140983676186D-02
 -0.92103823750320D+01 -0.13292713515344D+01  0.19088262391013D+02 -0.60261891495121D-03  0.56161770858687D-03  0.63281399851763D-03
 -0.59867493456689D+01 -0.90078682579838D+01  0.88189154912518D+01 -0.20343088293042D-04 -0.35944563595105D-03  0.71149334734637D-04
 -0.75701013292190D+01 -0.89604800271790D+01  0.97093691589063D+01  0.20955952815214D-03 -0.94238676865897D-03  0.55630953908308D-03
 -0.40059391473206D+01 -0.79332276934860D+01  0.10430137768223D+02  0.11976652903234D-03  0.42650186734050D-03 -0.15149457598674D-03
 -0.25649514355960D+01 -0.93646914729049D+01  0.11302880595325D+02  0.82328925330544D-03  0.69931595755655D-03  0.11033242937188D-02
 -0.47639575301061D+01 -0.65855224477561D+01  0.11782596215684D+02 -0.61076433465821D-03 -0.25817698422131D-03  0.95673631401290D-03
 -0.28479375192671D+01 -0.67092393380881D+01  0.91877604676602D+01  0.23264144408608D-02 -0.13665224490153D-03  0.96503985360130D-03
  0.37526625726069D+01 -0.51161345142073D+01  0.12703089297090D+02 -0.15847851311394D-03  0.12401965508960D-03  0.21568339151250D-03
  0.29759089535614D+01 -0.66472975290231D+01  0.13467812861799D+02 -0.14882546017326D-02 -0.77604750197201D-03 -0.86615894783112D-03
  0.18587202384513D+01 -0.33424925169326D+01  0.13089938380758D+02  0.42901267083256D-04  0.88652413223453D-05  0.29357539407416D-03
  0.25743046747305D+01 -0.15289592078494D+01  0.12090382421748D+02 -0.37708604499899D-03 -0.26692969189823D-03 -0.49766652291791D-03
  0.17394891687741D+01 -0.26404558500383D+01  0.15099185705652D+02 -0.36748750243226D-03  0.75618712023359D-03  0.95465202526994D-03
 -0.54438891656293D-01 -0.39999847604077D+01  0.12458375347574D+02 -0.13857763496203D-02  0.69431491268402D-03  0.61897974691109D-03
  0.79362021511267D+01  0.14340303517279D+02 -0.51883643430936D+01  0.28575445175613D-03  0.27276782289611D-03  0.18374620038121D-04
  0.72380276664087D+01  0.16044029175114D+02 -0.51373400656627D+01  0.12405730904092D-02 -0.94293273872741D-03  0.73093150625455D-03
  0.62069339657311D+01  0.12324834226698D+02 -0.47128457788103D+01  0.40126378769392D-03  0.20334431968866D-03  0.15698088746433D-03
  0.49070380000512D+01  0.12639877798804D+02 -0.31024522212774D+01 -0.15942586983477D-03  0.39040823196999D-03 -0.30048501137211D-03
  0.75926440727144D+01  0.10754426165551D+02 -0.46303773091812D+01 -0.17934655372256D-02  0.46708471271626D-03 -0.14427826618243D-02
  0.46386238030542D+01  0.11829364633217D+02 -0.62811107492831D+01 -0.80504368560827D-03 -0.36088893930993D-03 -0.31700644451643D-02
  0.16221476818079D+02  0.86945336350794D+01 -0.10795009063439D+02 -0.96198628000728D-04  0.49431163988978D-04 -0.17840809329670D-03
  0.15016362074951D+02  0.82484806790777D+01 -0.95436192796853D+01 -0.13098727451444D-03  0.76144354810129D-03  0.28354622166116D-03
  0.16423052252733D+02  0.63630119263142D+01 -0.12081722301441D+02 -0.82167355556465D-04 -0.56807177982285D-04 -0.83999995326181D-04
  0.16477564508854D+02  0.45711218461927D+01 -0.10980470188358D+02  0.18097968970641D-02  0.19967203245291D-02 -0.10155690596707D-02
  0.18353284567709D+02  0.61746901408491D+01 -0.12908928922602D+02 -0.14272794126488D-02 -0.43521863644051D-04 -0.70555449616897D-03
  0.15199507584764D+02  0.63467389142376D+01 -0.13748839152623D+02  0.78479437458740D-04  0.84535693046816D-03  0.60791285550542D-03
 -0.17930494747330D+02  0.17291317926415D+01 -0.13080385697383D+02 -0.54655485752153D-03  0.69491719765420D-04  0.12645812141209D-03
 -0.16874501164772D+02  0.13754633684675D+01 -0.14550572367349D+02 -0.35301445285786D-03 -0.20077563697231D-02 -0.11531726657057D-02
 -0.17640463252793D+02 -0.55696642032744D-01 -0.11201768177657D+02  0.87773753041468D-04 -0.30121178626875D-04  0.36836028260035D-04
 -0.18406065195675D+02  0.75993592466489D+00 -0.95213053721227D+01  0.23275474025947D-02  0.22934047659256D-02  0.79704016537047D-03
 -0.15605838316602D+02 -0.67975035004027D+00 -0.11067660764742D+02  0.50472350442820D-03 -0.10835543013500D-02 -0.11822564443580D-02
 -0.18719472478391D+02 -0.20083563689113D+01 -0.11590299081662D+02  0.66662791328690D-03 -0.59156522269608D-03  0.64916254618104D-03
  0.68493790571975D+00  0.15403289575183D+02 -0.11439218297587D+02 -0.13400710268866D-03  0.20423937566149D-03  0.69180820662719D-04
  0.20632558554938D+01  0.14867538238304D+02 -0.12723689651159D+02  0.60337716708754D-03 -0.17149083353403D-03 -0.48843588185862D-03
 -0.12971147226095D+01  0.15986826169074D+02 -0.13025522275835D+02  0.16994197301375D-03 -0.38256744187556D-03  0.11037331211844D-03
 -0.99333439220973D+00  0.15104539565635D+02 -0.14812929464880D+02 -0.79314543673696D-03  0.97239104975046D-03  0.16063419974997D-02
 -0.18868761938585D+01  0.18085001339809D+02 -0.12950575905183D+02  0.24963006618402D-03 -0.36565096802862D-03  0.17569069475285D-02
 -0.31490891930519D+01  0.15358584525424D+02 -0.12496137200161D+02 -0.59200284792077D-03 -0.15083470695311D-02 -0.90304035733345D-03
  0.56619904330620D+01 -0.13526539219479D+01  0.17950919299293D+02  0.12898186729875D-03  0.28201337547984D-03 -0.63450287233084D-03
  0.75446963659465D+01 -0.14798597644017D+01  0.18022460829453D+02 -0.12343535973003D-02  0.29577215945186D-03 -0.56612277786785D-03
  0.47123736632131D+01  0.59418766855180D+00  0.19655060560018D+02  0.26754645283951D-03  0.23789211909070D-04 -0.10758960262118D-03
  0.27702499753878D+01  0.10036550318802D+01  0.19104070457025D+02  0.96055056822480D-03  0.74532760407888D-03 -0.39492463955999D-03
  0.60267468217065D+01  0.20941981830758D+01  0.19765707912705D+02 -0.96047111724444D-03 -0.11882061167086D-02 -0.12105969154540D-03
  0.48136805252061D+01 -0.80384346330921D-01  0.21678145612480D+02  0.65848523374221D-04  0.11104867382872D-02  0.61300437934114D-03
 -0.18316260586930D+01  0.19983909229614D+02  0.86816835859346D+01  0.13383947588377D-03 -0.47248066700299D-03  0.22535877434802D-04
 -0.10752090768765D+01  0.21557934086539D+02  0.93433879435610D+01 -0.97900166872290D-04 -0.19725964518034D-03 -0.11516611756468D-02
 -0.45651003499689D+01  0.20193253840241D+02  0.82868285086463D+01 -0.33277361370889D-03 -0.10858424364024D-03 -0.81549290619668D-04
 -0.56548228122156D+01  0.20125925329042D+02  0.10066966151019D+02  0.91795093066280D-05 -0.56278576884406D-03  0.10093044758078D-02
 -0.52599137870414D+01  0.18715117782472D+02  0.67416999759051D+01 -0.51392602830747D-03  0.52219565183536D-03  0.10681686192868D-02
 -0.51315224710268D+01  0.22072023448216D+02  0.74870037362005D+01  0.36697360083731D-03 -0.40993811734709D-03  0.66998693310938D-03
 -0.78319786902965D+01 -0.70228904979358D+01  0.43163142785993D+01  0.86476332429775D-04 -0.10925414754240D-03  0.14551907006422D-03
 -0.69002215679676D+01 -0.77770638496354D+01  0.57194972044932D+01  0.71305594592376D-04 -0.17416850987079D-02  0.17337298369846D-04
 -0.98795755773803D+01 -0.59041527032437D+01  0.54835966536929D+01 -0.29449650080891D-03  0.48249169140064D-03  0.91143716975678D-04
 -0.10888861922568D+02 -0.47045195067115D+01  0.41662361595522D+01 -0.38653557745218D-03 -0.50258669261677D-03  0.70858865607822D-04
 -0.92380812738562D+01 -0.46044937476741D+01  0.68701368080511D+01 -0.25745803189368D-02  0.32371176162794D-03 -0.15358115432850D-02
 -0.11229040246087D+02 -0.71635239214064D+01  0.64034294431256D+01  0.86128422254179D-03  0.71611479438101D-03 -0.51527619759815D-03
 -0.84830584990784D+01 -0.95381270963647D+01 -0.17896514303379D+02 -0.70010158744575D-05 -0.30350698012377D-04  0.20794000301109D-03
 -0.66417528869294D+01 -0.99544101414037D+01 -0.17899102950207D+02 -0.16454551309881D-03 -0.55633388409969D-03 -0.68522660093600D-03
 -0.83543067801224D+01 -0.71647715286311D+01 -0.19004462497212D+02 -0.74489132135842D-06 -0.16727881055746D-03 -0.27520555716763D-04
 -0.10283850984265D+02 -0.63617903075824D+01 -0.19301223898732D+02 -0.40517470373220D-03 -0.21210222425170D-02  0.75564178732099D-03
 -0.77056293267884D+01 -0.72654690366599D+01 -0.21048840717905D+02  0.92394685086518D-03  0.54362951693792D-03 -0.16095782704110D-02
 -0.71842101411934D+01 -0.57631691032881D+01 -0.17961663272414D+02  0.22869745469927D-03  0.65627190902859D-03 -0.12377991549662D-02
 -0.63732196586976D+00 -0.78987907708207D+01 -0.18038166496563D+02 -0.36402762238311D-04  0.33508016454961D-03 -0.34543012169032D-03
  0.94640026966829D+00 -0.70121865481661D+01 -0.17751264434343D+02 -0.14116759508662D-03  0.24301768469758D-03 -0.45168609623496D-03
 -0.76436008026147D+00 -0.80809193457422D+01 -0.20716871740521D+02 -0.44864948739085D-03  0.12999061335678D-03 -0.14038122124298D-04
 -0.27216341197867D+01 -0.78967386600859D+01 -0.21194456785961D+02 -0.98146697892342D-03  0.12955488152327D-02  0.34160734070808D-03
 -0.36543317246031D+00 -0.10149980592796D+02 -0.21084004202755D+02  0.46600654011560D-03 -0.77811061723849D-03  0.39790179380270D-03
  0.49113331617115D+00 -0.67697232545977D+01 -0.21800972146497D+02  0.47605435754827D-03 -0.23021424953933D-02 -0.28857116346109D-03
  0.29868863797528D+01 -0.12124767659751D+02  0.51650687240626D+01 -0.94288809441299D-05  0.33454148587175D-03  0.27663703462835D-04
  0.22906632028551D+01 -0.13808494617177D+02  0.55798206751404D+01 -0.34954973458170D-03 -0.47789936133425D-03  0.87017446633218D-03
  0.13361141487121D+01 -0.99919994395682D+01  0.52033637400714D+01  0.14524386180496D-03  0.72639943762921D-04 -0.87689322233735D-04
  0.72434818383940D+00 -0.92892413319833D+01  0.31281979634774D+01  0.15877609061418D-03  0.11521122217339D-02 -0.17141340701462D-02
  0.20197573207820D+01 -0.85410142684282D+01  0.64194031286648D+01 -0.21903638307333D-02  0.30148374148453D-03  0.57514396829549D-03
 -0.50934083798491D+00 -0.10339982512126D+02  0.61734016081563D+01  0.70038174212757D-06 -0.34816425831031D-04 -0.30373414706319D-03
  0.16517304057291D+01 -0.18486412179814D+02 -0.11515988513336D+02  0.31134213929652D-03 -0.29116767737370D-03  0.10188486144522D-03
  0.29272744491605D+01 -0.19294869655208D+02 -0.12547743354370D+02  0.66041203723104D-03 -0.25471648062982D-03  0.13786605193054D-02
  0.23779872235762D+01 -0.16165454323149D+02 -0.10634384460356D+02 -0.40028603904971D-04 -0.19888094967915D-03 -0.93129864288825D-04
  0.64490279295227D+00 -0.15189148289284D+02 -0.10227256895081D+02  0.10499530424733D-02  0.16241703600847D-02 -0.12343459243812D-02
  0.34317886853040D+01 -0.14995476361527D+02 -0.12050403071333D+02  0.25408338635987D-04  0.68764559686552D-03  0.35268707483174D-03
  0.37634367979841D+01 -0.16210482169309D+02 -0.89467110711998D+01 -0.53266591221872D-03 -0.78644139880153D-03 -0.84388848800224D-03
  0.13274658449471D+02  0.10899368861096D+02  0.39884541332617D+01 -0.27089559791576D-04 -0.26144589570222D-03  0.29647674295108D-04
  0.12323276428720D+02  0.12351948526968D+02  0.35235922625525D+01 -0.72225418506052D-04 -0.57629272724984D-03 -0.46505249861838D-03
  0.15486185802533D+02  0.10488800145099D+02  0.23802608456362D+01  0.13166440455746D-03  0.16156235679821D-03  0.35349908344176D-04
  0.15348922777224D+02  0.85100088294039D+01  0.16537633610808D+01 -0.64718977911298D-04 -0.87335494815892D-04  0.31207202971911D-03
  0.17015911322120D+02  0.11068589830971D+02  0.34511665822335D+01 -0.37971903691763D-03 -0.12094640884699D-02  0.68989658053250D-03
  0.15344677067212D+02  0.11410484048275D+02  0.51265289298173D+00  0.90715170632659D-03  0.11469245630257D-02 -0.37888485971013D-03
 -0.35505635672918D+01  0.10889276074912D+02 -0.17093430741398D+02 -0.28054768207025D-04 -0.13802866312624D-03  0.31055296394874D-03
 -0.48943007860466D+01  0.96950630177517D+01 -0.17654175765640D+02 -0.74536257514415D-03  0.47798171378616D-03  0.42881140578553D-03
 -0.19115246479249D+01  0.11315935774791D+02 -0.19229776102346D+02  0.15627936101650D-03 -0.21732891107794D-03 -0.23374252815602D-03
 -0.28779506105023D+01  0.10571634314666D+02 -0.20810204804276D+02 -0.98394191713735D-04 -0.12919454940626D-03 -0.13857873375467D-02
  0.74761096418135D-01  0.10535006926486D+02 -0.19119321393464D+02  0.13110979729131D-03 -0.90874750184091D-03  0.32920357720726D-03
 -0.18940809271017D+01  0.13388941894149D+02 -0.19500418635767D+02 -0.66831048738504D-03  0.23232417815358D-02 -0.58896993602011D-03
  0.17386177550808D+02  0.38385377620562D+01 -0.24146403665138D+00  0.20761297120190D-04 -0.31258095021449D-03 -0.47501744164489D-03
  0.18016510453070D+02  0.25830483088812D+01 -0.14464922960694D+01  0.92768213651084D-03  0.20193590424135D-03 -0.58198685482744D-03
  0.15232725125273D+02  0.27161110177784D+01  0.66150737755829D+00 -0.67783692937723D-03  0.23813457280098D-04 -0.46160548514043D-03
  0.14737009280064D+02  0.40694541426252D+01  0.22105339400110D+01  0.84649172983695D-03 -0.19460532471582D-02  0.23745803537323D-03
  0.15413829660003D+02  0.63641874043081D+00  0.15183716831831D+01  0.10328339104735D-03 -0.57888729393656D-03  0.16860749200751D-02
  0.13604144209653D+02  0.25941278369282D+01 -0.60119286069665D+00  0.13402609992655D-02 -0.89337109386703D-03 -0.32159379552615D-03
 -0.11073760098056D+02  0.96351540721805D+01 -0.12780814652993D+02  0.13013924911659D-04 -0.28510086964618D-03  0.19874801979528D-05
 -0.12199047556321D+02  0.87144823486642D+01 -0.11703993611293D+02  0.73749242516952D-03 -0.22778505483518D-03 -0.98217765295497D-03
 -0.10423434459861D+02  0.11683331140261D+02 -0.11222339635570D+02  0.23669966582023D-03  0.28704604391819D-03 -0.35202576612351D-03
 -0.10028832784194D+02  0.13204273378706D+02 -0.12665661295251D+02  0.28997222544704D-02  0.47642363905784D-03 -0.17068157405027D-02
 -0.88524044839044D+01  0.11694455132202D+02 -0.99222046416589D+01  0.18429770006818D-03  0.81269989101276D-03  0.22027110489605D-03
 -0.12052409439920D+02  0.12418158129074D+02 -0.10004916236022D+02  0.21073321519182D-03  0.14691697195528D-02 -0.13214027408030D-03
  0.90199898845097D+01 -0.11069189446218D+02  0.37774271784361D+01  0.82810803160991D-04 -0.46795697365106D-03  0.10284397426983D-03
  0.77295359841571D+01 -0.11534462607368D+02  0.27039668502119D+01 -0.12098725169113D-02  0.51788145504648D-03 -0.43945657065243D-03
  0.11259324442480D+02 -0.10895339657273D+02  0.22820725486686D+01 -0.35674493009555D-03 -0.18588515296469D-03 -0.30944636896637D-03
  0.11277828434482D+02 -0.12692556754593D+02  0.12280428044448D+01 -0.13193625548788D-02 -0.47727428184353D-03 -0.48921399831398D-03
  0.13013165884239D+02 -0.10728342419254D+02  0.34321383287145D+01 -0.12408667088995D-02  0.39990123261027D-03 -0.12292572473130D-02
  0.10799636954273D+02 -0.91468636111333D+01  0.10059846095527D+01  0.44325480543941D-03 -0.91122059541868D-03  0.63948489021098D-03
  0.83198360099567D+01  0.12511225752249D+01 -0.31899034765017D+01  0.20157945709200D-05  0.17070604122552D-03  0.63397840282198D-04
  0.84278955811172D+01  0.84109915265612D+00 -0.14585877094774D+01 -0.11192964953858D-04  0.90399195292835D-03  0.41553857859541D-03
  0.80922157694404D+01  0.38596258300794D+01 -0.35666645793962D+01  0.12990376840349D-03 -0.38452993209123D-04  0.27805721976745D-04
  0.64962932216136D+01  0.45911832170260D+01 -0.24523867461445D+01  0.18750491594428D-04  0.24197498234178D-03  0.94967089739468D-03
  0.77721003058136D+01  0.41972302147458D+01 -0.56101711988371D+01 -0.17861322353652D-03  0.74827905207738D-03  0.13849345594184D-02
  0.97583390171288D+01  0.48933448696843D+01 -0.30210754519590D+01  0.94852781975446D-04  0.58440341430398D-03 -0.28485062654099D-03
 -0.53302367867270D+01  0.31828257962499D+01  0.17108887774570D+02  0.12339299374632D-03  0.21937749029403D-03 -0.17174066915148D-03
 -0.36244394759091D+01  0.37799682242724D+01  0.17106878737947D+02 -0.14776368558933D-02  0.18771651741355D-02 -0.34317389177799D-03
 -0.68868490217105D+01  0.53555626129436D+01  0.17216085613203D+02  0.30768561867922D-04 -0.39610613866991D-03  0.12395367257315D-03
 -0.86881564611415D+01  0.44468066049201D+01  0.17682210467707D+02 -0.23936416626062D-03  0.14133661365377D-03 -0.43914928614387D-03
 -0.67430965048955D+01  0.64606320236406D+01  0.15571159165455D+02 -0.29499424635085D-03 -0.19001318650865D-03  0.97036311824402D-03
 -0.63192289999696D+01  0.63153181128014D+01  0.18887744761314D+02  0.55318821812657D-03 -0.33697454926457D-03  0.15358951927258D-03
 -0.75080122440464D+00  0.69752216095381D+01  0.16951034173990D+02 -0.35968762465636D-03 -0.74462055084235D-04 -0.29264422061965D-03
 -0.25256157594850D+00  0.73655335338307D+01  0.15231164574300D+02 -0.85453214728464D-03 -0.47827463348873D-03  0.39248559857023D-03
  0.13959847254520D+01  0.72751479705486D+01  0.18476298270354D+02  0.12330750255048D-03  0.18214707599800D-03 -0.25719641350527D-03
  0.31527269676346D+01  0.75506824945053D+01  0.17453068409555D+02  0.21540872132019D-02  0.76936683461447D-03 -0.58008049146356D-03
  0.15941067592838D+01  0.55774401723140D+01  0.19730058477737D+02 -0.10716906718110D-02 -0.39227579103175D-03  0.32639664127956D-03
  0.11317488603006D+01  0.88313040184655D+01  0.19897236107033D+02 -0.61725493390517D-03  0.21174112474101D-04  0.15474223155666D-02
  0.11913304744312D+02 -0.73990304510999D+01  0.17228722700398D+02 -0.32893999702525D-03  0.38392563737836D-04 -0.10021940028295D-03
  0.12698404004820D+02 -0.68353429121155D+01  0.15586844046342D+02  0.13133041011907D-02 -0.19590019471881D-02  0.60004407652982D-03
  0.11210338419081D+02 -0.99444554830549D+01  0.17116488213126D+02  0.18859443960145D-04  0.31123481920256D-03  0.45968665419504D-03
  0.10363799572403D+02 -0.10283978310757D+02  0.18849106377343D+02  0.10920817291766D-02  0.99508105175057D-03 -0.93732436029697D-03
  0.12809783517835D+02 -0.11266841501002D+02  0.16684934987915D+02 -0.51583058599635D-03  0.33705567424238D-03  0.12925133695402D-02
  0.99365720549549D+01 -0.10262145582090D+02  0.15379809434365D+02 -0.80496979528837D-03  0.97962728580366D-03 -0.18564837038227D-02
 -0.68463931111227D+01 -0.52519681227992D+01 -0.10056747499861D+02 -0.23451898217823D-03  0.84380192763394D-04 -0.30752802007433D-03
 -0.69739607821440D+01 -0.39744667854037D+01 -0.85823730387087D+01 -0.66323207079310D-03 -0.48975276621585D-03 -0.90402706959298D-03
 -0.88594073873772D+01 -0.45551854995518D+01 -0.11897394941766D+02  0.13851375793530D-03 -0.24022694434636D-04 -0.21033661407988D-03
 -0.10557867812291D+02 -0.54667780157173D+01 -0.11445024152537D+02  0.12825832788036D-02 -0.41876162468108D-03 -0.13332772659874D-02
 -0.79685483834244D+01 -0.51537309505640D+01 -0.13717331371524D+02  0.21563964443064D-03  0.11757904915559D-02  0.46678390037277D-03
 -0.91675271177219D+01 -0.25990728195779D+01 -0.11913621679559D+02 -0.69146128790720D-03 -0.28608134212211D-02 -0.58344191131775D-03
 -0.43265519545025D+01 -0.28451805051824D+01  0.65474257656759D+01  0.48836513635567D-04 -0.14730797037447D-04 -0.20949389204988D-03
 -0.56036690126404D+01 -0.32657330822721D+01  0.78035231200902D+01 -0.38612017535350D-03  0.50155581896392D-03  0.15698566172971D-03
 -0.53251152659571D+01 -0.14955941005088D+01  0.45064570939452D+01  0.36675612036606D-03 -0.30313824048233D-03  0.52624570056790D-03
 -0.60675112456086D+01 -0.24360206856754D+01  0.28089268577962D+01  0.12742555695293D-02 -0.96372542971059D-04  0.76889386347458D-03
 -0.36977636915982D+01 -0.64857836166807D+00  0.37008606365860D+01  0.54153442768346D-03 -0.12527522504241D-02 -0.45807012665116D-03
 -0.65522729647882D+01  0.43203727555442D-01  0.52067053386687D+01  0.62582953149031D-03  0.50429040916290D-04 -0.70760436712794D-03
 -0.12805060554939D+02 -0.13811061145795D+02 -0.13874793975600D+01  0.31422334804706D-04 -0.13206820663953D-03  0.79001780147827D-04
 -0.11014141592961D+02 -0.13960861939543D+02 -0.14301423533505D+01 -0.22245374099503D-03 -0.26057522814290D-03 -0.10196555477706D-02
 -0.13952985866989D+02 -0.15953825848835D+02 -0.19569984325445D+00  0.26268229186508D-03 -0.37153016200134D-03 -0.40507152617387D-03
 -0.15830165213684D+02 -0.16083461009118D+02 -0.10223685079537D+01  0.21484712724051D-02 -0.51545815689692D-03  0.37140023036380D-03
 -0.14394142939740D+02 -0.15534597099417D+02  0.17791516353279D+01 -0.19853214367679D-02  0.12265185520774D-02 -0.33643432545578D-03
 -0.12592873435422D+02 -0.17564308417369D+02 -0.37848176099370D+00  0.90462104322567D-03  0.74433910991130D-04 -0.21403423196014D-02
  0.12476356239730D+02  0.11446263561386D+02 -0.15944243896555D+02  0.16902430091553D-03 -0.11374464982074D-04 -0.11987623678772D-03
  0.11862521822814D+02  0.12019255914770D+02 -0.14310381803661D+02  0.44377813269937D-03 -0.10037962576384D-02 -0.89036993119533D-03
  0.10956408377320D+02  0.94132528595605D+01 -0.16631043283943D+02 -0.34319798243511D-03  0.27829312592644D-03  0.80436574317276D-06
  0.11848938425697D+02  0.75382455522519D+01 -0.16280478441426D+02 -0.11461395561905D-02 -0.32114210821701D-03 -0.50552959210439D-03
  0.10625578486925D+02  0.94079592483645D+01 -0.18717818318619D+02  0.14156660099146D-03 -0.10813641701718D-02 -0.13724668491280D-02
  0.89804275663893D+01  0.95617655253589D+01 -0.15808350437877D+02 -0.15616085003219D-02  0.12859802231125D-03  0.54373123815189D-03
 -0.13630459187511D+02  0.46861237877770D+01  0.17340080659837D+02 -0.20471405861031D-03  0.79672651570037D-04 -0.14500706359226D-03
 -0.15163816566244D+02  0.52865503278285D+01  0.17518036480972D+02  0.22380637461529D-03 -0.51000136333092D-03  0.15882887284016D-02
 -0.13327443411506D+02  0.39697504421333D+01  0.14747489542254D+02  0.27788938906553D-03 -0.26983597305589D-03  0.61065819320929D-03
 -0.12941983258932D+02  0.56310457704317D+01  0.13294072422529D+02  0.55029926133423D-03  0.45090509208489D-03 -0.59065144378753D-03
 -0.15088957376508D+02  0.30997108214319D+01  0.13876848347423D+02  0.10558249235640D-02  0.54421297959161D-03 -0.27804712264014D-04
 -0.11868670488872D+02  0.25321204145725D+01  0.14893979484455D+02  0.50337691427370D-06  0.35157304621779D-03  0.42202883120339D-03
  0.18330641737317D+02 -0.85616902612568D+01 -0.52270522615445D+01 -0.58060784688697D-04 -0.45096773235088D-04  0.18033709760243D-03
  0.18960076911995D+02 -0.77674935327994D+01 -0.37330164018976D+01 -0.16823620192860D-03  0.74791101427092D-03  0.11538499695795D-03
  0.19997749126489D+02 -0.75858279208004D+01 -0.71936147455045D+01  0.27677406279720D-03  0.27922173971248D-03 -0.34681956085007D-03
  0.18751547025331D+02 -0.68707897710268D+01 -0.87263100535818D+01  0.61527239761991D-03  0.30826061586764D-03  0.59721299918740D-03
  0.20919750157671D+02 -0.89902812211490D+01 -0.79287653331689D+01  0.29910659510964D-03  0.10882579974147D-02  0.56219490271543D-03
  0.20976538600025D+02 -0.59285936663903D+01 -0.66624936857441D+01  0.24009825880375D-03 -0.11529762644582D-02  0.48325616077148D-03
  0.10065242102092D+02  0.81299708729708D+01 -0.10567638933072D+02 -0.26710109271198D-03  0.45828509267437D-03  0.53066181711687D-03
  0.89044366451793D+01  0.88152407929205D+01 -0.93473752331510D+01  0.90000403261098D-03 -0.27183924296372D-03 -0.10423137836875D-02
  0.95038594569328D+01  0.55741991922836D+01 -0.10746916077318D+02  0.13033699735548D-03 -0.49272554992312D-03 -0.10128809829822D-03
  0.10254596828565D+02  0.50480095609725D+01 -0.12441476472090D+02 -0.10162375608827D-02  0.48599570059427D-03 -0.12037812386247D-03
  0.73508278244643D+01  0.54167287170027D+01 -0.10963951917934D+02 -0.92961275588473D-03  0.43504899441426D-03 -0.53704120151823D-03
  0.10128283532174D+02  0.44519291789389D+01 -0.90569701039840D+01 -0.14364077692804D-02 -0.52565952951841D-03 -0.15404594363513D-03
  0.19998710458181D+02  0.93169744958695D+01 -0.60792108230141D+01  0.24673013324864D-03 -0.22617276436727D-03 -0.19579738980756D-03
  0.20694407320438D+02  0.84505318815343D+01 -0.76734162587037D+01  0.97614884398614D-03 -0.21363711577887D-03 -0.15600208000654D-02
  0.18953552825470D+02  0.74513329615865D+01 -0.45183414585008D+01  0.15753803343651D-03  0.58987000330277D-03  0.11096486586613D-03
  0.18006838210722D+02  0.83964712858911D+01 -0.29651379331070D+01  0.79585429490262D-03  0.62274601618219D-03  0.86752184150822D-03
  0.20507317796805D+02  0.65212394557616D+01 -0.36271557908755D+01  0.31036109979146D-03  0.10947701148192D-02 -0.13586308754572D-03
  0.17660195407782D+02  0.60654668101310D+01 -0.54188622228999D+01 -0.97341343120324D-04  0.99921530451053D-03  0.14104794276117D-03
  0.62861597312646D+00 -0.19544189150386D+02  0.43061004021492D+01  0.73155294295474D-04  0.22229742078703D-03  0.50180172500393D-04
  0.27543453968823D+00 -0.18137786279104D+02  0.54306657187206D+01 -0.10950302415085D-02 -0.18184467997331D-02  0.12829905555591D-02
 -0.10634679870595D+01 -0.21541472195352D+02  0.41979982192533D+01  0.28191741211222D-03 -0.70559995629245D-04  0.29656077337240D-03
 -0.52792019127918D+00 -0.23093465888969D+02  0.28232764449674D+01 -0.13135480296060D-02  0.36401566585541D-03  0.10817350809012D-02
 -0.29108139242824D+01 -0.20728390884690D+02  0.36931911422987D+01 -0.50472078151082D-03 -0.18842149657823D-02  0.74762797550997D-05
 -0.15702712185906D+01 -0.22381314269220D+02  0.62340749661822D+01  0.14053095319001D-02 -0.46134037193609D-03  0.18356356226018D-02
  0.40703014623175D+00  0.15166259352023D+02 -0.62294612575245D+01  0.19208842480225D-03 -0.50255091056343D-05  0.76927843985532D-04
  0.54717072373841D+00  0.14798862676942D+02 -0.81686382879277D+01 -0.47263532832183D-03 -0.14274393593812D-03 -0.20909007617066D-02
 -0.12880134272680D+01  0.17220609884969D+02 -0.56841498982650D+01 -0.26956160991281D-03 -0.45627750406843D-04  0.12785790301310D-03
 -0.28935815840450D+01  0.17388582164626D+02 -0.69300013315700D+01 -0.78338441400629D-03  0.16345375356017D-02 -0.54841592817320D-03
 -0.64015485125491D+00  0.19154980005249D+02 -0.55526125299808D+01 -0.60713027416800D-03  0.11451144173892D-02 -0.15849868296251D-02
 -0.20200588561025D+01  0.16447283503886D+02 -0.39183279911167D+01  0.71445906560316D-03  0.33285055552119D-03  0.89762400922589D-04
 -0.92429166881991D+00  0.30068378734637D+01  0.39159293845256D+00  0.78103011622970D-04 -0.23532018423492D-05 -0.19547361582448D-03
 -0.12549104553462D+01  0.38647818856181D+01  0.19518264578019D+01  0.32520466706097D-03 -0.76600263482768D-03  0.10193184552675D-02
  0.14275947024859D+01  0.33135480497932D+01 -0.67425678016025D+00  0.47168626840839D-04  0.21950592635626D-03  0.38226872160287D-03
  0.25668595444197D+01  0.50322840263344D+01 -0.74654966894730D+00  0.16887939799447D-03  0.83187920258023D-04  0.65209985303446D-03
  0.11962133615596D+01  0.25651106010695D+01 -0.25800790522654D+01 -0.11963922208481D-02 -0.18628181581065D-02 -0.16569272324056D-02
  0.26281434703569D+01  0.23561422710776D+01  0.75248258878855D+00 -0.12390313200369D-02 -0.46041552365757D-03  0.61637629613191D-03
  0.95832036819012D+01 -0.18266460048822D+01 -0.20547034848197D+02 -0.20414882742088D-04  0.10373237002153D-03 -0.16047170280511D-04
  0.84201908639834D+01 -0.31028823733560D+01 -0.19906752579649D+02 -0.32750356467237D-03 -0.10119759530759D-02 -0.29352759611492D-03
  0.91767849568782D+01  0.70326755727016D+00 -0.20033487793724D+02  0.87718818042677D-04 -0.22753690864220D-03 -0.79487172754907D-04
  0.10668539486509D+02  0.17652183939240D+01 -0.20842462858738D+02 -0.15926735577366D-02  0.19630131140120D-03 -0.39254919156362D-04
  0.94116623025943D+01  0.83850616139734D+00 -0.18023638092282D+02  0.76485687575821D-03  0.52377016293305D-03 -0.19177076609181D-02
  0.73724494883375D+01  0.15550662868934D+01 -0.20678511880986D+02  0.27531300382096D-03  0.52527453009037D-03 -0.14320688835053D-02
  0.82776292791969D+01  0.83510074852519D+01  0.12924934441608D+02 -0.73623271389673D-05 -0.82875213625482D-04  0.37450023154351D-05
  0.90166473207188D+01  0.10005844411572D+02  0.12150707507618D+02  0.58818753557600D-03 -0.62308416042610D-03  0.13592556767878D-02
  0.80666829872385D+01  0.93247372101482D+01  0.15447544136020D+02 -0.22736536883399D-03  0.14935751207989D-05  0.18640099722161D-03
  0.86117483924490D+01  0.76864629719301D+01  0.16712348482190D+02  0.45867929986340D-03 -0.56691253827401D-03  0.61754412860836D-03
  0.61536900462131D+01  0.98366622172633D+01  0.15891993731701D+02 -0.14985674037553D-02  0.15408158853679D-05  0.16031006122682D-03
  0.93957496243770D+01  0.10772404068199D+02  0.16044863571701D+02 -0.37311836877087D-03 -0.32920685789856D-03  0.15574534801269D-02
  0.76778243708393D+01 -0.10244271022884D+02 -0.17092534748638D+02  0.24081525932755D-03 -0.17370321328543D-03 -0.47182489380528D-04
  0.63840197110729D+01 -0.96341404012089D+01 -0.18187201249493D+02 -0.15684034741938D-02 -0.71830929574397D-03 -0.11272844967971D-02
  0.61833038362159D+01 -0.11877447221013D+02 -0.15530635256444D+02 -0.35212995029788D-03  0.26552061591471D-03 -0.19255662774391D-03
  0.54718300861585D+01 -0.13599375743117D+02 -0.16659249631030D+02 -0.23590839940527D-03  0.19068604459955D-03  0.10312336588152D-02
  0.46325411559582D+01 -0.10847204866578D+02 -0.14439668328624D+02  0.24633947079530D-03  0.82895642276786D-03 -0.34157533468444D-03
  0.76007334363604D+01 -0.12711211719864D+02 -0.14237574564214D+02  0.20334628453985D-02 -0.50817171548807D-03  0.12191822932846D-03
 -0.51900328708067D+00  0.23925019324726D+01  0.82614520009417D+01  0.39394295999240D-04 -0.22884484657370D-03  0.16807534024921D-04
 -0.12518883666175D+00  0.19152249384076D+01  0.10000238331238D+02 -0.56763572801637D-03 -0.27817953843018D-03  0.61421509712474D-03
  0.93997253819150D+00  0.13108210411424D+01  0.63622861629649D+01 -0.74803401901613D-04  0.80432420164479D-04  0.16922374613473D-03
 -0.75382224412244D-01  0.17927000269211D+01  0.43939731776676D+01 -0.51017345479260D-03 -0.17414478499813D-03  0.80977304001249D-03
  0.11496387514958D+01 -0.67952824744815D+00  0.63747016518366D+01  0.29913762589618D-03 -0.32274880300859D-03 -0.13324384209818D-02
  0.28552037536623D+01  0.21383178179558D+01  0.63991505682374D+01 -0.11424773803229D-02  0.96993717368720D-03 -0.79416011541635D-03
  0.73218442829783D+01 -0.39615244379308D+01  0.82020461697952D+01 -0.48103187870297D-03  0.53990626224636D-04 -0.97702357430370D-04
  0.58528939488672D+01 -0.38687190577708D+01  0.95381593189848D+01 -0.12978778342093D-02 -0.80311302618453D-03  0.68615322710559D-03
  0.94685250163505D+01 -0.51444187984496D+01  0.91513846154955D+01  0.36679601556862D-03  0.39058562357806D-03 -0.91838907527917D-05
  0.97267208788978D+01 -0.73076386599194D+01  0.87532923993335D+01  0.60703528159387D-03 -0.20494458729934D-02 -0.10819731501458D-03
  0.96596668723010D+01 -0.48546816585465D+01  0.11086751120768D+02  0.75156188522856D-03 -0.10855150369084D-02 -0.17859579747168D-02
  0.11083071907211D+02 -0.41917819721401D+01  0.82624524667270D+01 -0.39240743234816D-03  0.47647605837969D-03 -0.76550405358287D-03
 -0.32819237234501D+01 -0.73365921086730D+01 -0.34481023950245D+01  0.12492404780607D-04  0.38621404197129D-04 -0.16115774867274D-03
 -0.27753814028390D+01 -0.66826464598959D+01 -0.50879409111818D+01  0.54448703495192D-03 -0.10122724242511D-03  0.68228195177834D-03
 -0.13910796107177D+01 -0.91124941867804D+01 -0.28619393800542D+01 -0.68420731431448D-04  0.48329247929915D-03 -0.39446415946151D-03
 -0.19100448201631D+01 -0.10808324347421D+02 -0.40461427834007D+01 -0.15617118453695D-02 -0.11287620369627D-02  0.87208744741228D-03
 -0.15654564821658D+01 -0.97613226531110D+01 -0.95998893777859D+00 -0.83473679162301D-03 -0.57305581042210D-03  0.15573244049088D-03
  0.46429469724189D+00 -0.81645250313978D+01 -0.32646330949186D+01  0.98842140017108D-03 -0.29388979324652D-03 -0.75979667668540D-03
 -0.21429673295748D+01 -0.59121769834115D+01 -0.84576920829592D+01  0.79994732689657D-04 -0.62047205974922D-03 -0.73308544924812D-05
 -0.36207275436378D+01 -0.66102801538465D+01 -0.92128977448095D+01 -0.97531936538728D-03 -0.21810574849609D-02  0.31038791555820D-03
 -0.44693061735094D+00 -0.82440790055335D+01 -0.88972607807176D+01  0.21313376944935D-03  0.48860843703264D-03  0.88987537538491D-03
 -0.77467465390144D+00 -0.96906377196026D+01 -0.75116807049907D+01  0.10546682136841D-02  0.32294679682468D-02  0.75502152455413D-03
  0.15537938795161D+01 -0.77529485389952D+01 -0.90791673904114D+01 -0.15324811754192D-02  0.20454842052074D-02  0.74929731286112D-03
 -0.10672190106194D+01 -0.89928454816048D+01 -0.10751338670152D+02 -0.58124731996873D-03 -0.18941787376853D-02  0.72618752540600D-03
  0.15922696452648D+02 -0.73955000612081D+00 -0.83640445022944D+01  0.30578463192758D-03 -0.15668785452748D-03  0.35034515628032D-03
  0.15562207778263D+02 -0.21820492401477D+01 -0.93677222876436D+01 -0.13358404078261D-03 -0.33443864284401D-03 -0.14845505234831D-02
  0.13744761556508D+02  0.90176096207506D+00 -0.79515946648832D+01  0.10851475807078D-03 -0.25333153103900D-03  0.28539081083157D-03
  0.12044957684458D+02 -0.38470905543328D+00 -0.82075276996954D+01  0.10034012255897D-02  0.52864508351326D-03 -0.99757742141702D-04
  0.14016941024277D+02  0.22836884828276D+01 -0.93205287633508D+01  0.18232434320438D-02 -0.68581340324909D-03  0.72297239218272D-03
  0.13947551845467D+02  0.15934826854567D+01 -0.59114473959181D+01  0.20099630147752D-03 -0.14503051620126D-02  0.49517808133762D-03
  0.15316852315789D+02 -0.12207644210230D+02 -0.23109198230827D+01  0.11643249644267D-03  0.34974437519719D-03 -0.19695259574177D-03
  0.15903395593941D+02 -0.10918803700151D+02 -0.34825699675154D+01  0.79882320921743D-03 -0.61752874025468D-03  0.97006543003794D-03
  0.17317722282998D+02 -0.14003260324676D+02 -0.24504781346406D+01 -0.10083085368197D-03 -0.16393428375973D-03  0.34180895293281D-04
  0.19009961068848D+02 -0.13134579153594D+02 -0.17779781428237D+01  0.64059723187699D-03 -0.10637078024385D-02 -0.28835206136879D-03
  0.17480261786165D+02 -0.15161566775365D+02 -0.40940494450083D+01  0.12410156194557D-02  0.17085580581784D-02 -0.20632968599994D-03
  0.16899562997410D+02 -0.15362340088829D+02 -0.99790891969543D+00  0.18136752737882D-03  0.98005206739831D-03  0.63964245248015D-03
 -0.45187136233657D+01  0.83275631137369D+01 -0.62794066632656D+00  0.55746625335145D-04  0.87258537110800D-04  0.23569360593210D-03
 -0.28851222849184D+01  0.87770160194132D+01  0.33382141770554D-01  0.99504408728159D-03 -0.10062033514428D-02 -0.83259994312441D-03
 -0.47452511708849D+01  0.84727841538981D+01 -0.33149911900634D+01 -0.17360253517820D-03 -0.19586480065588D-03 -0.13975260268256D-03
 -0.42175434894113D+01  0.10437797040933D+02 -0.38745386507845D+01  0.83604714497258D-03 -0.80186018166922D-03  0.12227060597096D-02
 -0.67358188801808D+01  0.84148299357336D+01 -0.37688181028801D+01 -0.98045087465651D-03  0.17484606559951D-02  0.36102476794580D-03
 -0.36157820290119D+01  0.69988842741748D+01 -0.42690468431347D+01 -0.12563614206537D-02  0.10244607294942D-02 -0.13800374969171D-02
  0.18650664633042D+02  0.97914640907990D+00 -0.42997421945469D+01  0.26418956494431D-03 -0.70574145179920D-03 -0.21245830023173D-03
  0.17758397493537D+02  0.26070542293256D-01 -0.54882216185403D+01  0.10065287906403D-02  0.10703022506086D-02 -0.11713455614359D-03
  0.21109405539857D+02  0.72334006671521D+00 -0.49974971703263D+01 -0.35386609513551D-03  0.87890552685959D-04  0.10161131434430D-04
  0.22201384856839D+02  0.25998722524716D+00 -0.34776845802669D+01 -0.64099659905621D-03  0.22991733319702D-02 -0.12852353907107D-02
  0.21914500723067D+02  0.27181577322910D+01 -0.55106340327233D+01 -0.51189485248377D-03  0.13113618942453D-02  0.32567375090692D-03
  0.21381646530851D+02 -0.39354555198954D+00 -0.68233554439043D+01 -0.13728292946800D-03  0.53987388960789D-04  0.28065127029461D-04
  0.13610058865780D+00  0.80102337627216D+01  0.11539088002348D+02 -0.68351873843759D-04  0.24548688266129D-03  0.53184998280582D-04
 -0.99896853585292D+00  0.73625215719027D+01  0.10356149912406D+02  0.59320805173423D-03  0.25301001036115D-03 -0.85739271158066D-03
  0.22058301125490D+01  0.89929448520585D+01  0.10378948250818D+02  0.11093652796569D-03  0.39860625941820D-03 -0.46484561937155D-03
  0.35911949455517D+01  0.93201983949825D+01  0.11774446860340D+02  0.41471174530498D-03 -0.10487323498914D-02 -0.84228134373893D-03
  0.18089244911620D+01  0.10897592486087D+02  0.96953005935702D+01 -0.67064438625078D-03 -0.36542626761575D-03 -0.47049140881007D-03
  0.29382049127825D+01  0.81586942195421D+01  0.87052306761262D+01 -0.26583030601627D-03 -0.55531758141241D-03  0.59815476130236D-03
  0.10698388503913D+02 -0.97507284518609D+01 -0.92736583351793D+01 -0.24987149246524D-03  0.33283368907386D-03  0.36434497721310D-03
  0.99607996808307D+01 -0.11309183717127D+02 -0.87602787734857D+01 -0.37338619130531D-03 -0.49381345927521D-03  0.43165307100143D-03
  0.12038723396312D+02 -0.87950158951778D+01 -0.73165326140382D+01 -0.40092764778134D-03  0.43619822545988D-03  0.27608440834196D-03
  0.10685375620717D+02 -0.78649181949457D+01 -0.58992768045391D+01  0.14396711903144D-03 -0.89023165774209D-03 -0.14589015528903D-02
  0.13556794042113D+02 -0.74423457035318D+01 -0.78193933255289D+01  0.18475204886118D-03 -0.13965129975438D-02 -0.60999535319266D-03
  0.12702189307577D+02 -0.10274957549925D+02 -0.58527714397601D+01  0.28339328194029D-03  0.13989982792850D-03  0.44304808603650D-03
 -0.60769732402742D+01  0.12845177848379D+02  0.29883615151457D+01 -0.11254802939497D-03 -0.28013165519881D-03  0.15237528170659D-03
 -0.63639819625956D+01  0.11497698898367D+02  0.18682462511947D+01  0.36439705762396D-03  0.37588145489983D-03  0.23643551690251D-02
 -0.61826621922581D+01  0.11657457037420D+02  0.53468090885876D+01 -0.31671653097571D-03  0.15916320977684D-03  0.16932438658188D-04
 -0.52039055069623D+01  0.12699202534050D+02  0.68079056337958D+01 -0.21008087532376D-03 -0.60831007415491D-03 -0.70015688885011D-03
 -0.49983657418166D+01  0.99689930203059D+01  0.53545447918591D+01  0.18360685311792D-02  0.13978982931188D-03 -0.10841073605512D-02
 -0.82397060466932D+01  0.11453915306654D+02  0.59408846953341D+01 -0.41893026331434D-04  0.10614097312688D-02  0.43659091545373D-03
  0.91616191783286D+01 -0.12270185129002D+01  0.14535571976703D+01 -0.13532914107870D-03  0.73189499387352D-04 -0.82989334751385D-04
  0.86375379126553D+01 -0.29617910308766D+01  0.92404795714103D+00 -0.40501159450131D-03  0.73252428216277D-03 -0.42529710240058D-03
  0.99615264616173D+01 -0.12393485203309D+01  0.39187973742937D+01 -0.33225091446246D-03 -0.21535780422777D-03  0.58923638563999D-04
  0.10790063181761D+02 -0.30720612708894D+01  0.42468133893414D+01 -0.20257959025291D-02  0.86698576041720D-03 -0.12328853866027D-02
  0.83351551984846D+01 -0.10069533964641D+01  0.53075096486651D+01 -0.45364033411923D-03 -0.74449758044924D-03  0.73332077074683D-03
  0.11137524058723D+02  0.40890693348906D+00  0.42378821653935D+01 -0.28122118145979D-03  0.93052996537977D-04 -0.11664405327495D-02
 -0.55747922324061D+01  0.18923696347257D+00 -0.73208646605139D+01 -0.45894066721640D-03  0.14516579914473D-03 -0.19278552362981D-03
 -0.40524355242163D+01 -0.76764537979134D+00 -0.67583004996111D+01 -0.97382307622481D-03  0.18746474289956D-03  0.68079580041133D-03
 -0.59729133278161D+01  0.20409461428365D+01 -0.53138097097332D+01  0.49598430334202D-04 -0.11252257295406D-03  0.23246868796605D-03
 -0.76083181117575D+01  0.13555252860049D+01 -0.42715924406174D+01 -0.67830697021096D-03  0.65294522536841D-03 -0.40354487344001D-05
 -0.66526363568526D+01  0.38024987996064D+01 -0.62151743977599D+01 -0.64342103358781D-03  0.42575768660122D-03 -0.45834969285163D-03
 -0.40906876401981D+01  0.25620986864674D+01 -0.44314315538969D+01  0.10296087476227D-02  0.99180539695382D-03 -0.13804925481122D-03
  0.13246731265828D+02 -0.77323115785025D+01 -0.13215468492920D+02  0.83653762340197D-04 -0.13006207568189D-03 -0.25127850685459D-04
  0.11867328939080D+02 -0.82350147496077D+01 -0.12111372468250D+02  0.14005042233363D-02  0.79410005095286D-03 -0.36426102821898D-03
  0.14574832941629D+02 -0.98806677116962D+01 -0.14231472798502D+02 -0.37785828507638D-04  0.46070653127307D-04  0.21228801637579D-04
  0.14970000531541D+02 -0.93052809234036D+01 -0.16200496455772D+02  0.12516992235676D-02  0.10857378278156D-02  0.74627026743379D-03
  0.13570738129286D+02 -0.11657026238282D+02 -0.14325066568187D+02  0.10287200720194D-02 -0.44262698700830D-03  0.30390889374487D-03
  0.16476031448417D+02 -0.10067735597918D+02 -0.13176102553325D+02  0.52818488219127D-03  0.54469934841268D-03  0.13117835498696D-02
  0.54602063586091D+01  0.72095386435802D+01 -0.15329045586576D+02  0.54317364590816D-04  0.57517646815091D-04  0.44298691712205D-04
  0.37124113062726D+01  0.79265074784362D+01 -0.14946592344688D+02  0.22960183619442D-02 -0.15310430795806D-04  0.16311662291436D-03
  0.56793426720254D+01  0.44664543457764D+01 -0.15404588998453D+02 -0.19887308940674D-05 -0.15037967648577D-03  0.44825251644945D-04
  0.75503112362096D+01  0.40113938832155D+01 -0.16066223446472D+02 -0.10400690327375D-02  0.86292752645384D-03 -0.91933536117579D-03
  0.43116893083876D+01  0.38615788710165D+01 -0.16987925950089D+02 -0.52011020236764D-03  0.20535101414530D-03 -0.64703703578426D-03
  0.51526561479972D+01  0.36759238501881D+01 -0.13467503053593D+02 -0.30912652318489D-03  0.21734130851824D-02  0.19302688571446D-04
 -0.74005335659634D+01  0.12480663015597D+02  0.12691765009897D+02  0.45480681352662D-03  0.18280294920793D-03  0.48245761167824D-03
 -0.82865627141976D+01  0.12112079957425D+02  0.14281284773591D+02 -0.23861514940052D-03  0.59094799526682D-03  0.58871128208408D-03
 -0.49652389697285D+01  0.13606590097639D+02  0.12770935669141D+02  0.72256619704558D-04  0.14916212536638D-03 -0.30524333990362D-03
 -0.50642310054474D+01  0.15653660678726D+02  0.13094448690388D+02  0.16998307760830D-04  0.86005476956471D-03 -0.19161136910512D-03
 -0.42254697748985D+01  0.13373977912503D+02  0.10972749439960D+02 -0.37543025727357D-03 -0.22401094493398D-02 -0.82285217985527D-03
 -0.38736726383384D+01  0.12508302026301D+02  0.14235416947173D+02 -0.24471749072294D-03 -0.17137491372993D-02  0.10576398022186D-02
  0.26736932898378D+01  0.14623502592854D+02  0.54258354946984D+01  0.37476739762263D-03  0.10755366244694D-03 -0.29760029342474D-03
  0.16736655256488D+01  0.16182945807848D+02  0.50077096707846D+01 -0.58232494716057D-03  0.74044485687731D-03  0.65965698807648D-03
  0.49862482380350D+01  0.15301059293656D+02  0.64192398269496D+01  0.46934320915933D-03 -0.23687571013101D-03  0.11873955867765D-04
  0.55790309651051D+01  0.13658012924271D+02  0.76141810781388D+01  0.55120491464078D-03  0.12619038152438D-02 -0.14245805240849D-02
  0.48862790067891D+01  0.16992067043039D+02  0.76832373665254D+01 -0.13099999003169D-02  0.13184421036021D-02  0.50844728603387D-03
  0.62675132290801D+01  0.15788463548118D+02  0.50568336933187D+01 -0.95169338074182D-03  0.74811915697482D-03  0.17160060719910D-02
  0.10729352206530D+02  0.15369623900228D+02 -0.11378427343036D+01 -0.30229500358613D-03 -0.51400330361654D-04  0.13456762723722D-03
  0.94994636733794D+01  0.14704095688428D+02 -0.24750153404639D+01 -0.65138006148433D-03 -0.79806675801123D-03 -0.35183995780370D-03
  0.12945922218661D+02  0.16401479557401D+02 -0.22359292516859D+01  0.77799168520580D-03  0.42278491055391D-03  0.18449952198395D-03
  0.12419237941115D+02  0.18162355157670D+02 -0.34538269084516D+01  0.77700347030491D-03  0.61667778833052D-03  0.88577014896900D-03
  0.13817406897718D+02  0.15250032471761D+02 -0.37717869013236D+01 -0.56617321987806D-03 -0.33047168999268D-03 -0.20361821347265D-03
  0.14283786201675D+02  0.16966517919385D+02 -0.87217277020462D+00 -0.65647863791918D-03 -0.15863619231962D-02 -0.11938416968677D-03
 -0.16142038261898D+02 -0.79579238034290D+01 -0.79484413974492D+01  0.28138697309984D-03 -0.15873894805088D-03  0.20075439233272D-03
 -0.14791818658998D+02 -0.86839746303024D+01 -0.70494349210265D+01 -0.83811701625385D-03 -0.88314233009161D-03 -0.17660275693143D-02
 -0.18626381431379D+02 -0.82859224118855D+01 -0.71159278507115D+01  0.17352855993993D-03 -0.25123164848905D-04  0.28377111311954D-03
 -0.18682020011830D+02 -0.95308497215273D+01 -0.54593236684061D+01 -0.48219144815514D-03 -0.32906388796628D-03  0.22557555559264D-03
 -0.19902334520263D+02 -0.90895882149195D+01 -0.86251780102876D+01  0.22712534796557D-03 -0.12055489559466D-02 -0.19419812938281D-03
 -0.19334444029669D+02 -0.64008531777018D+01 -0.66114699752415D+01 -0.11813265498750D-02 -0.10224964962024D-02 -0.12699988551720D-03
 -0.55669793588712D+01  0.46133860200137D+01  0.67437333177486D+01 -0.16406389021318D-04  0.72995083226935D-04  0.31274418973283D-03
 -0.51126842533297D+01  0.28948850525056D+01  0.63514922331094D+01 -0.82545340665279D-03  0.52343145373700D-03  0.43483684855644D-04
 -0.63032896752655D+01  0.44202584336005D+01  0.92308218971308D+01 -0.12204513756200D-03 -0.37968559316097D-03  0.12855169647757D-03
 -0.46583456003806D+01  0.34616904916757D+01  0.10163149999222D+02 -0.80106428918403D-04  0.15330760586643D-02 -0.16736908193381D-02
 -0.79756720084374D+01  0.32845728800377D+01  0.98357134375798D+01 -0.57863722040260D-03 -0.16282527774474D-02 -0.30869342147366D-03
 -0.65936781269221D+01  0.64066841934238D+01  0.98890358543835D+01  0.14552681337336D-03 -0.34195813827759D-03 -0.49994322916485D-03
 -0.12723701910019D+02  0.58155937472383D+01  0.47657258575063D-01 -0.30440012560381D-03 -0.28263762609191D-04 -0.13342098142855D-03
 -0.13164215536222D+02  0.72339693691209D+01  0.11225508285565D+01 -0.11592223761923D-02  0.10633625667173D-02  0.10056525158938D-02
 -0.10596977026011D+02  0.46108291695771D+01  0.11478497297836D+01 -0.36137489127478D-03 -0.62472534540789D-04  0.38819958265352D-03
 -0.10140107664078D+02  0.31152364684580D+01 -0.98720611041988D-01  0.95356241081246D-03 -0.51354972042521D-03  0.97366894910035D-03
 -0.11257216553981D+02  0.37864484675927D+01  0.28348017383897D+01  0.11066984566906D-02 -0.10205250242872D-02 -0.30825604555674D-03
 -0.89873747979329D+01  0.58287428385383D+01  0.11196173192637D+01 -0.32026492042434D-03 -0.94608152562914D-03 -0.64772457675843D-03
 -0.70838016859270D+01  0.24772497860280D+01 -0.14310510468719D+02 -0.20916335536046D-03  0.10949757797212D-03  0.35906778768660D-05
 -0.65639284495147D+01  0.10338338644687D+01 -0.13352322784023D+02  0.10644531305018D-02  0.70852855522293D-03 -0.29765658085057D-03
 -0.77740561452346D+01  0.41185301591602D+01 -0.12398373395987D+02  0.31304797756492D-03 -0.38845046457137D-04  0.18199391083017D-03
 -0.73806150141902D+01  0.34210712557395D+01 -0.10433958118152D+02 -0.14440918205216D-02 -0.50249018664774D-03  0.33448940741931D-03
 -0.97338182177879D+01  0.42193748943765D+01 -0.12227397003521D+02 -0.78838118159362D-03 -0.27554106515338D-02  0.39622057114304D-03
 -0.71719829857332D+01  0.60353991331154D+01 -0.12542011694420D+02 -0.86541092711734D-03 -0.14147248846414D-03  0.59640492154789D-03
  0.49464818770703D+01  0.13365149090273D+02 -0.13536397091700D+02  0.51788887857933D-03 -0.17728977512142D-05 -0.29975675259795D-03
  0.51615083898724D+01  0.12251231907187D+02 -0.14903251864158D+02 -0.22451074721957D-02  0.81678176680987D-03  0.46690833746006D-03
  0.69964053034001D+01  0.14690402650096D+02 -0.12688990064070D+02 -0.41490813806397D-03 -0.15736424370255D-03 -0.17614894972321D-04
  0.77211573803021D+01  0.13619401590337D+02 -0.11013500965691D+02 -0.11900853677931D-02  0.46404163694123D-03 -0.13967627144979D-02
  0.63819138824643D+01  0.16492958722873D+02 -0.12089598685423D+02  0.14451546701422D-02 -0.31374724171774D-03  0.98653089163363D-03
  0.85188593376798D+01  0.15002648472330D+02 -0.14054413674812D+02  0.35135724104775D-03 -0.89473488198351D-03  0.34783805699088D-03
 -0.19522217119612D+01 -0.20071204472994D+02 -0.49450394599687D+01 -0.92470441381234D-05 -0.19130711161002D-03 -0.91040580169532D-04
 -0.34908955219247D+01 -0.20157414702560D+02 -0.60688504858099D+01  0.34526436297777D-03  0.16567474993482D-02 -0.53232443258740D-03
  0.13446098432205D+00 -0.21543799844615D+02 -0.59163498874629D+01  0.36401020492290D-03  0.68319593861035D-04 -0.51259848494639D-03
  0.13596002049328D+01 -0.21524595645027D+02 -0.43241748321689D+01 -0.73359271294155D-03 -0.14057504229661D-02 -0.10592839297868D-02
  0.10713249037338D+01 -0.20398601709291D+02 -0.74290805398517D+01 -0.36580037643407D-03  0.31832149934426D-03 -0.27194276236694D-03
 -0.77099625651100D+00 -0.23254485276856D+02 -0.65334543818857D+01 -0.52502534424290D-03  0.99785620583415D-03 -0.87781617963617D-03
  0.98563634485596D+01 -0.19793412385394D+02 -0.18708352602969D+01  0.19169993511879D-03 -0.41690663616666D-04  0.35645177989781D-03
  0.97233774423783D+01 -0.18851130429957D+02 -0.28607608003823D+00 -0.56015298478229D-04 -0.54201422223819D-04  0.41049217022173D-04
  0.10226757793812D+02 -0.17970873789997D+02 -0.36677280600257D+01 -0.53166440850566D-03  0.16266387306881D-03 -0.13753868035849D-03
  0.11649127269612D+02 -0.16492083832066D+02 -0.33036675188469D+01 -0.83183025777305D-03 -0.74958250164331D-03  0.11526418184862D-02
  0.82668006426835D+01 -0.17330838484628D+02 -0.42890299834544D+01 -0.14643892056016D-02  0.98952145559920D-03  0.60347131501360D-04
  0.11144318430643D+02 -0.18761990234623D+02 -0.54577524093548D+01  0.21464485708683D-03  0.11206000441106D-02 -0.28708862175891D-03
 -0.10163007090079D+02 -0.17708516574356D+02 -0.50742168891721D+01 -0.29308890911705D-03 -0.12952778730908D-03  0.24356547348640D-03
 -0.11572723112214D+02 -0.16695934907990D+02 -0.55384239385912D+01  0.12978084411095D-04  0.21302469145143D-03  0.58854692342801D-03
 -0.79226917406561D+01 -0.16247271444409D+02 -0.46418830097939D+01 -0.26394592115940D-03 -0.19830930983697D-04  0.79147114714679D-04
 -0.70448426422953D+01 -0.16103256933339D+02 -0.65439585090701D+01  0.81851162386609D-03 -0.16406187630547D-02  0.24333570880265D-02
 -0.66049044475056D+01 -0.17353538079446D+02 -0.34489403341861D+01  0.26352321898167D-03 -0.14471189789438D-02 -0.96078535631317D-03
 -0.82347283704007D+01 -0.14368893087150D+02 -0.39711115297943D+01 -0.69835475491774D-03 -0.91857886519445D-03 -0.11992385823126D-02
 -0.14758511523943D+02  0.14919903771201D+01 -0.24692097163003D+01  0.48964290686563D-03  0.23789715679869D-03  0.13713246621973D-03
 -0.14185679220058D+02  0.33672988931338D+01 -0.21274397538547D+01  0.51027318712590D-03 -0.14405760201261D-02  0.12271668420441D-02
 -0.17453010817827D+02  0.13431769790097D+01 -0.25578480492392D+01 -0.18672252760680D-03  0.39924197114861D-03  0.29712443593380D-03
 -0.18033115700919D+02  0.20736132393491D+01 -0.44172949788207D+01  0.69385445460526D-03 -0.62598861987266D-03  0.45702179162154D-03
 -0.18218158156948D+02  0.25928283899715D+01 -0.10290737001381D+01 -0.12458725210674D-02 -0.81836626969188D-05  0.56483872456439D-03
 -0.18286889794237D+02 -0.51402432805941D+00 -0.26392148961644D+01  0.26000604334722D-03 -0.98279544909954D-03 -0.80834847533204D-03
  0.14285768263670D+02 -0.18382715083333D+01  0.78212522783152D+01  0.37008150037019D-03  0.13806216850953D-03 -0.79518080199090D-04
  0.15019007860004D+02 -0.43204910971183D+00  0.86382762078098D+01  0.13006232244317D-02 -0.12600920079310D-02  0.45839502864876D-03
  0.16184184388517D+02 -0.34601605978547D+01  0.67465093540373D+01 -0.55825493222584D-03 -0.51524758646727D-03 -0.31421775469999D-03
  0.16418673605482D+02 -0.31576478877510D+01  0.47004434156219D+01 -0.16611335479779D-03 -0.49049126110903D-03  0.24099424476856D-03
  0.16064158384679D+02 -0.53911891691692D+01  0.72238376697608D+01  0.80489442762534D-03  0.37300122649350D-04  0.91569848110796D-03
  0.17827868711525D+02 -0.28224628856418D+01  0.76633818374293D+01 -0.70861653765121D-03 -0.17533722787452D-02  0.24861284317135D-03
  0.12782191508520D+02 -0.15650414263845D+02 -0.84348841820779D+01 -0.84935071207330D-04 -0.57920302809348D-04 -0.25292376705001D-03
  0.13068984341128D+02 -0.13878259399590D+02 -0.78650178198493D+01  0.82835261980580D-03 -0.15166605791869D-02  0.80599865592892D-03
  0.10998141048773D+02 -0.15601911218830D+02 -0.10315232822291D+02  0.26594390737783D-04 -0.90166061483981D-04  0.20383108210555D-03
  0.10875423447207D+02 -0.17659923412851D+02 -0.10981672776610D+02 -0.13828506437199D-03 -0.87936207862307D-03  0.30077595214329D-03
  0.11326145879141D+02 -0.14376587965937D+02 -0.11930784059086D+02  0.67567208374689D-03  0.28353683414684D-05  0.10100531234225D-02
  0.91365176917461D+01 -0.14965079929135D+02 -0.96066311349379D+01 -0.32401528762923D-03 -0.28688760983156D-03 -0.13469815623099D-02
  0.82367096567010D+00  0.19013721748508D+01 -0.68667206369384D+01 -0.27718741949083D-03  0.17096256294703D-03  0.21392990383042D-03
 -0.61734547909408D+00  0.12317922108265D+01 -0.75423445416561D+01  0.69088154430935D-03 -0.11693394717266D-06 -0.30363844303539D-03
  0.22299635650959D+01  0.30776620046756D+01 -0.87874927781916D+01 -0.11983931771371D-03  0.38629198330559D-03  0.41201002747786D-03
  0.33605206404742D+01  0.45572387967679D+01 -0.80914030371578D+01 -0.80656089734614D-03 -0.24064880168353D-02 -0.50008995056840D-03
  0.11921778828379D+01  0.38598226245835D+01 -0.10405902280943D+02 -0.11387061155401D-03 -0.19281230430945D-03  0.59916627994473D-03
  0.35475754328002D+01  0.15550696714180D+01 -0.95378216083914D+01 -0.39727938701187D-03 -0.20823815727510D-03  0.52442461114701D-04
  0.11306653896054D+02  0.40962330710978D+01  0.12417145677006D+02 -0.13485656204966D-03 -0.16642792352462D-03  0.96853158603538D-04
  0.10741428534084D+02  0.59095196360354D+01  0.12390940577291D+02 -0.91084377188961D-03 -0.14368675552856D-02  0.22095753921896D-03
  0.93951390276286D+01  0.25078039941975D+01  0.11551240579973D+02  0.33990053289890D-03 -0.13904994964635D-03  0.58092476261456D-03
  0.99216787284770D+01  0.50140647466599D+00  0.11933738064750D+02 -0.59789864520160D-04  0.89037038846097D-03 -0.31144131841511D-04
  0.90638675802004D+01  0.26482669822007D+01  0.95953474960843D+01 -0.98957629224463D-03 -0.57590074636328D-03 -0.30447594027206D-03
  0.75864034080057D+01  0.26228708171254D+01  0.12758527086681D+02  0.29474418784440D-03 -0.56141835895834D-03 -0.52016924649015D-03
 -0.12466067334232D+02 -0.37374418823697D+01 -0.77055366701605D+01  0.27189539074474D-03  0.22286117458729D-03  0.13426379217918D-05
 -0.14096573663485D+02 -0.36683126281613D+01 -0.85074838563819D+01  0.40442915909831D-03  0.19082331468584D-02 -0.59980126467489D-03
 -0.11871593160666D+02 -0.11737801730042D+01 -0.67372241450379D+01 -0.55750291253058D-04 -0.39522292626050D-03  0.36378974842550D-03
 -0.12279417415290D+02  0.17740295620141D+00 -0.82112266659211D+01  0.47928811382845D-03 -0.15522474835012D-03 -0.11894486886209D-02
 -0.98220206050716D+01 -0.12026371938007D+01 -0.66135469107222D+01 -0.12006229130060D-03 -0.16329411913001D-03 -0.11569516076784D-02
 -0.12836162147980D+02 -0.55628584536601D+00 -0.51880708798006D+01  0.89499532757916D-03  0.18249361930043D-03 -0.17829352369768D-02
  0.22489929706613D+01 -0.10325528152040D+02  0.12327251888290D+02 -0.89997096439466D-04 -0.35427756554902D-04  0.17904157802691D-03
  0.31874947494314D+01 -0.99146830053754D+01  0.10821837977458D+02  0.38199339271145D-04  0.13043301020660D-02  0.91366314640274D-03
  0.30143011137909D+01 -0.12740941170343D+02  0.13409607656211D+02 -0.13328024045326D-03  0.31317078662149D-03 -0.29546338810659D-03
  0.46115452158748D+01 -0.12578174064690D+02  0.14671561516909D+02 -0.87409723776123D-03  0.10901201436965D-02  0.63808806310652D-03
  0.28805949783533D+01 -0.14256335336706D+02  0.11938397073315D+02  0.16101216701549D-03 -0.39321541585026D-03 -0.19225704793607D-02
  0.13295947020336D+01 -0.13196455972992D+02  0.14554632904728D+02 -0.12428725069044D-02 -0.79593091227889D-03  0.25356785475210D-03
 -0.93884582622041D+01 -0.11631623069434D+02 -0.11420881089840D+02 -0.51649346743622D-04 -0.30093362593072D-03  0.99533227775132D-04
 -0.95424799902694D+01 -0.10893592205408D+02 -0.13027455952027D+02 -0.37975968968914D-03  0.12021685001265D-02 -0.26902459845378D-03
 -0.11318203719491D+02 -0.13391103007037D+02 -0.11016579974185D+02 -0.15025927136855D-03  0.97310474595584D-04 -0.27428597157603D-03
 -0.13271223120002D+02 -0.12622752924015D+02 -0.10888987646859D+02  0.43655872167801D-03  0.32987416945565D-03  0.62831355416337D-03
 -0.10784994582451D+02 -0.14396386517336D+02 -0.93194235234866D+01  0.12370376139016D-02  0.62895656767026D-05  0.47452129285874D-03
 -0.11348670611191D+02 -0.14758996771402D+02 -0.12651786167710D+02  0.26482986955666D-03  0.15519149814484D-02 -0.57547797942521D-03
  0.11995546417873D+02  0.15782563058318D+02  0.40272233833543D+01 -0.29527089841258D-03  0.51033937299708D-03  0.13360863064837D-03
  0.11471363496785D+02  0.15748220244459D+02  0.23524285328146D+01 -0.17519989238432D-03 -0.23141249608490D-02  0.21004296012637D-02
  0.11092254450200D+02  0.17902428948962D+02  0.51481366796198D+01  0.25348046673668D-03 -0.13042206484531D-03  0.15046574064516D-03
  0.90709325251439D+01  0.18024836142554D+02  0.48386477489065D+01 -0.60746738039910D-03  0.26034011991242D-03 -0.10668138650407D-02
  0.12202750487587D+02  0.19480984187233D+02  0.45358760278511D+01  0.20974611577653D-03  0.61307619377415D-03  0.22595449970351D-02
  0.11277593533732D+02  0.17520360402211D+02  0.70404105447957D+01  0.13595689792603D-02 -0.94067990094755D-03 -0.44878068236363D-03
 -0.31419740028363D+01  0.27028831383623D+01 -0.17922887094582D+02  0.26707467929412D-03 -0.15866060381336D-03  0.17159044585252D-03
 -0.45003505668414D+01  0.39839692817948D+01 -0.17827077712954D+02  0.41828653430853D-03  0.12207305468187D-03 -0.14101339498681D-02
 -0.12378878261144D+01  0.40518532951330D+01 -0.19366213513997D+02 -0.17909894043384D-03 -0.60056628317085D-05  0.32486780039595D-04
  0.55698869972436D+00  0.31801914390464D+01 -0.19092822481752D+02  0.85406087792085D-03 -0.38242143460873D-03 -0.47664525473396D-03
 -0.11406727356092D+01  0.60399404398960D+01 -0.18702907088053D+02 -0.68128398244505D-03  0.98574498498630D-03  0.88376135661211D-03
 -0.19424448906049D+01  0.43039030164245D+01 -0.21339918998199D+02 -0.15405686831456D-02  0.11031330356301D-03  0.16947518720456D-03
 -0.14555124761277D+02 -0.98550956774395D+01  0.29095066425172D+01 -0.22848361003801D-03  0.24559845620981D-03 -0.17760553844032D-03
 -0.13388698290287D+02 -0.90877534222243D+01  0.17148072129135D+01  0.87296749179307D-03  0.12360611713457D-02  0.34456967701871D-03
 -0.16913232229531D+02 -0.10127671013367D+02  0.17241217271389D+01 -0.48251650266327D-04 -0.28468341692599D-04 -0.13759125694463D-03
 -0.18403543021245D+02 -0.98961702053178D+01  0.32403653899180D+01  0.38842274622303D-03 -0.23564182168033D-03 -0.24930084177656D-03
 -0.17313722719894D+02 -0.12081242219676D+02  0.90405057864428D+00 -0.47107671992762D-03 -0.68418468786247D-03 -0.27078798769983D-02
 -0.17133229060257D+02 -0.88007707476379D+01  0.18242192548525D+00  0.17503927934434D-02  0.13781866122713D-02 -0.39780958135030D-03
  0.15305370595392D+02  0.12253492512022D+02  0.84019446004745D+01 -0.12844002007589D-03  0.95155373121983D-04 -0.23642241266844D-03
  0.15036211220974D+02  0.12079163937434D+02  0.65947120879552D+01 -0.48199715597233D-03 -0.37647417364126D-03 -0.85290475365349D-03
  0.16817186009099D+02  0.10138956023786D+02  0.92117825373748D+01  0.17175474692747D-03 -0.59768265519939D-03  0.14756934204223D-03
  0.15761458021946D+02  0.84933247206722D+01  0.97032590341609D+01 -0.44857006411999D-03  0.20122128839748D-04  0.11035735874982D-03
  0.17861958191996D+02  0.10685364248000D+02  0.10774947272450D+02  0.72991229718093D-03 -0.45193660289320D-03 -0.14032196080276D-02
  0.18384482717584D+02  0.96039111746441D+01  0.75776982139772D+01  0.26910266920132D-03  0.14386766805643D-02 -0.10930609521331D-02
  0.91006240758937D+01 -0.13889141259191D+02  0.10474840214876D+02 -0.10185715130264D-03 -0.11484634968949D-03  0.19855093808421D-03
  0.91917025057745D+01 -0.12863362115675D+02  0.88832091355521D+01 -0.87326195642255D-03 -0.19184753302802D-03  0.15132256607700D-05
  0.10467906864455D+02 -0.16088800761653D+02  0.10119879864162D+02  0.31809626706456D-03 -0.24447117269649D-03 -0.27859077072871D-03
  0.12328828683110D+02 -0.15974892871794D+02  0.11127731261856D+02  0.45267884620583D-03  0.24927545902827D-03  0.99013100100299D-03
  0.11032778683282D+02 -0.16356719449976D+02  0.81848581862662D+01 -0.20063429415273D-03 -0.33531791213506D-03 -0.16891175250288D-03
  0.94192438710602D+01 -0.17815211994303D+02  0.10839000315688D+02 -0.13369623318393D-02  0.62305094691028D-03 -0.10424942876323D-02
  0.60617217939918D+01 -0.99466221919289D+01 -0.53646678266584D+01 -0.16458423258960D-03 -0.25580316253338D-03  0.87693672669286D-04
  0.44529167030278D+01 -0.10633706550275D+02 -0.51152213350882D+01  0.19023486065886D-03 -0.57236673779209D-03 -0.24004199497528D-03
  0.73910159878231D+01 -0.10869437889970D+02 -0.31198443210520D+01  0.42253920709348D-03 -0.48489246106746D-03 -0.26361086848345D-04
  0.68907068358947D+01 -0.12692677817663D+02 -0.23253599113351D+01 -0.38071651692649D-03  0.49106816240428D-03  0.11038431050494D-02
  0.71293642881673D+01 -0.95124467796436D+01 -0.14338872166324D+01 -0.65904730286071D-04 -0.22080418305741D-03 -0.27265186463209D-02
  0.93266407244330D+01 -0.10586639536827D+02 -0.35319256701852D+01  0.55901333677502D-03  0.57398146934685D-03 -0.15130762721631D-02
 -0.12196689022768D+01 -0.84357995160408D+00 -0.11023559970135D+02  0.10168474868480D-03 -0.15290142857334D-03 -0.53240265834414D-04
 -0.11827366836937D+01 -0.24728175717214D+01 -0.10156889160243D+02 -0.92051383101598D-03 -0.14593356861306D-03 -0.21342684137754D-03
 -0.19378085948299D+01 -0.17000283417623D+01 -0.13531798604891D+02 -0.17082922900561D-04  0.11008321426626D-03 -0.89567210813544D-04
 -0.35459764389708D+01 -0.27522364742795D+01 -0.13474305293868D+02  0.24317899850371D-03 -0.82874459632266D-03  0.15294251763742D-03
 -0.48818947868067D+00 -0.29548211245845D+01 -0.14338636651418D+02  0.10214738932516D-02 -0.15206435998695D-02 -0.35927859884911D-03
 -0.21145174078603D+01  0.22583344945806D-02 -0.14648217695269D+02  0.11374466119632D-02 -0.98019648354419D-03 -0.56525098787347D-03
  0.10255740117297D+02  0.12767851702722D+02  0.11104899723880D+02  0.34937664709983D-03 -0.20843791029834D-03 -0.10741477782847D-03
  0.11496280487225D+02  0.12497726888923D+02  0.98577721498621D+01 -0.13522531235807D-02 -0.42224839592341D-04  0.37687882162682D-03
  0.10820502239204D+02  0.15020515307375D+02  0.12434763406499D+02 -0.14757160490675D-04  0.13044613701341D-03  0.10724682711335D-03
  0.10497379654562D+02  0.14770344586754D+02  0.14505457932343D+02 -0.13068415119140D-02 -0.93677244558287D-03  0.30647489276029D-03
  0.98178224480969D+01  0.16626647105887D+02  0.11729205066174D+02 -0.11310024774607D-02  0.48031006271731D-03 -0.13201546981086D-03
  0.12831984282837D+02  0.15629455123924D+02  0.12000845904081D+02  0.62796434713169D-03 -0.34168107740695D-03 -0.39288275239213D-04
  0.19912744160634D+02 -0.12320983416574D+01  0.21810072160663D+01  0.11598656417514D-03 -0.17912590278359D-03  0.21695876564492D-03
  0.19810374880703D+02  0.69274262124104D+00  0.20111849721956D+01  0.34173682324092D-03 -0.42755821583057D-03 -0.19013413004732D-03
  0.22272872162629D+02 -0.21349917830040D+01  0.32291770675350D+01  0.63105304154842D-03  0.46973972975658D-03 -0.14555483728649D-03
  0.22690942043021D+02 -0.39028781388713D+01  0.20770987598836D+01  0.10211509121643D-02  0.54153864815343D-03 -0.84825506435982D-03
  0.22228751705536D+02 -0.21848090435048D+01  0.51234994028975D+01 -0.19079848315262D-03 -0.87192407884547D-03  0.14273270333250D-03
  0.23717185089509D+02 -0.79946775887821D+00  0.28801835703187D+01 -0.27631203733018D-03  0.81136151978292D-03 -0.10581587187787D-03
 -0.11731405246194D+02 -0.16239911561371D+02  0.66632691797704D+01 -0.64567782376926D-04 -0.16362852839995D-03 -0.56557150073385D-04
 -0.12102866142680D+02 -0.17297454405189D+02  0.53059140292551D+01 -0.10354369072526D-02  0.19535015267647D-03  0.80829759907069D-03
 -0.10506235057661D+02 -0.13880318345640D+02  0.61406795514608D+01 -0.65603313132393D-04 -0.17062415720441D-03 -0.91134869696593D-05
 -0.99078222137955D+01 -0.13524515436450D+02  0.42905330695392D+01  0.96784082021686D-03  0.90010021191913D-05  0.31378448816617D-03
 -0.90145351060094D+01 -0.13608196427461D+02  0.76251279670381D+01 -0.51051941616627D-04  0.81228806078445D-03  0.13019762435199D-02
 -0.12061145095062D+02 -0.12380777421450D+02  0.67732010092042D+01 -0.14735579933088D-02  0.53202090154003D-03  0.16711050267378D-02
  0.13027844888527D+02 -0.28302609293240D+01 -0.12253310054418D+02 -0.26778036484460D-03 -0.10231990432758D-03 -0.44017022801265D-03
  0.12708307639026D+02 -0.44659027920749D+01 -0.12991617503004D+02 -0.69653215437679D-03  0.20374263376160D-02  0.41304359851716D-03
  0.13296458130592D+02 -0.14423629174652D+01 -0.14417825228556D+02 -0.12745770226525D-03  0.69800828958852D-04 -0.34554611534748D-03
  0.13906329396410D+02  0.57735005077490D+00 -0.13839403597690D+02  0.14653848646027D-02  0.83186918037966D-03 -0.57975868916159D-03
  0.11653885790507D+02 -0.15873177647621D+01 -0.15669085284436D+02 -0.52666405149154D-03 -0.97138908181540D-03 -0.66983496926796D-04
  0.14825144042944D+02 -0.21681717616465D+01 -0.15639794032741D+02  0.78372671582834D-04  0.12497174870175D-03 -0.14077614128285D-02
 -0.11333047939104D+02 -0.51679524548141D+01 -0.24820067874234D+01 -0.23244643029040D-04  0.62281108022372D-03 -0.31307389322036D-03
 -0.11748607951008D+02 -0.55394788908534D+01 -0.42277550983709D+01 -0.81131070807570D-03  0.11722635395562D-03  0.86326156026626D-03
 -0.87087771456996D+01 -0.47015382933034D+01 -0.16435540211381D+01  0.29224268714029D-03 -0.71241198135452D-04 -0.91153887995979D-04
 -0.79684420947894D+01 -0.29388364745166D+01 -0.24424813459660D+01 -0.16645941324643D-02 -0.34497714348929D-03 -0.48530347060073D-03
 -0.72828245783847D+01 -0.60386606860750D+01 -0.21501131163687D+01  0.40472066107179D-04  0.65209543856962D-03  0.91194991115285D-03
 -0.87201808366085D+01 -0.44530327088497D+01  0.46900468491914D+00  0.68117533288576D-03  0.35766610925482D-03  0.90086614311480D-04
  0.92065757198706D+01  0.79555038712957D+01  0.66019184128796D+01  0.29371981154202D-03  0.49961340307143D-05  0.17519238146301D-04
  0.10193231853166D+02  0.93868707962467D+01  0.61030872025748D+01 -0.65896031453093D-03  0.56040226445808D-03 -0.33674031574019D-03
  0.73396988078369D+01  0.73294397891216D+01  0.48495777057196D+01 -0.33610961469940D-03  0.31623764864803D-03  0.35832632922178D-03
  0.69229253054579D+01  0.52415251044320D+01  0.50993278188170D+01 -0.57309568679053D-03  0.41467633208194D-03 -0.11332352234850D-02
  0.77234988351147D+01  0.78245013467133D+01  0.28228131405151D+01  0.82382965135476D-03 -0.53278250454218D-03 -0.53034801312051D-03
  0.55031418902302D+01  0.86220563389422D+01  0.52602101236695D+01 -0.11512976357132D-02 -0.15808911426440D-02 -0.20275691757667D-03
  0.28351824007421D+01 -0.66031622467134D+01  0.19958030601035D+02 -0.70143491443332D-04 -0.20655392335340D-03 -0.20772765753736D-03
  0.33462439869242D+01 -0.49708274167013D+01  0.20723800016599D+02 -0.79058968428677D-04  0.90016989630440D-04  0.16946250723962D-02
  0.51246733349957D+01 -0.78710024855505D+01  0.19182860701266D+02 -0.26332126409925D-04 -0.98061442436528D-04  0.18430743308548D-03
  0.53993451839256D+01 -0.92676982728130D+01  0.20670304529869D+02  0.58098426217393D-04  0.17614155009091D-02 -0.71612840216319D-03
  0.63867785052518D+01 -0.63340802456429D+01  0.18634710814119D+02 -0.13441830480281D-02 -0.61263692165255D-03  0.54249548659058D-03
  0.48590723019564D+01 -0.89264671760520D+01  0.17506628447253D+02  0.27483931404190D-03 -0.38207362094545D-03 -0.21114326864977D-03
 -0.13556319096054D+02  0.12796181612766D+02  0.40614610522072D+00  0.19412581420386D-03 -0.24519473708300D-03 -0.24038626119025D-03
 -0.12367071768400D+02  0.12046462786904D+02 -0.71118511375886D+00  0.14523799923216D-02 -0.13822945357070D-02 -0.32826976703254D-03
 -0.13074696019618D+02  0.13045186099209D+02  0.30568563597728D+01 -0.19072315304561D-03 -0.34594280430136D-04  0.34613661386742D-03
 -0.12447579578066D+02  0.15110554584526D+02  0.34173022519278D+01  0.15772045230188D-02 -0.57777704516415D-04 -0.46172584313154D-03
 -0.11745402539085D+02  0.11851118582296D+02  0.36406881897346D+01 -0.13265773825050D-02  0.55873500299895D-04 -0.68361156893717D-03
 -0.14854414618365D+02  0.12715720437961D+02  0.41150786647051D+01 -0.46826806970131D-03  0.69411662906740D-03 -0.16504478104434D-02
 -0.11656746966020D+02 -0.10051641962421D+02 -0.50365564029922D+01 -0.28488808696775D-03  0.26515863949514D-05  0.49780778825721D-04
 -0.11577167404906D+02 -0.94221167211204D+01 -0.33486697539610D+01 -0.17016119926444D-03 -0.13915659246345D-03 -0.82805214961265D-03
 -0.93271201071229D+01 -0.97341094897807D+01 -0.62688577064078D+01 -0.35766058635820D-03 -0.24625181060780D-03  0.53442367558232D-04
 -0.77701029126489D+01 -0.10703214667162D+02 -0.51938231005174D+01  0.17843752262268D-03 -0.32669485618371D-03 -0.97865091033099D-03
 -0.88294914648205D+01 -0.76286176492132D+01 -0.64573324880144D+01 -0.80986207361718D-03  0.19893353704312D-02  0.10478414807550D-02
 -0.90448324545729D+01 -0.10655450812238D+02 -0.79608034434785D+01  0.15222170103762D-02 -0.10184042213404D-02 -0.10472521301838D-02
  0.94857404477955D+00  0.19661230467659D+02  0.27793532154101D+01 -0.15379589015521D-03 -0.15778149351917D-03  0.40369238751308D-04
  0.30364843224078D+00  0.18780403199017D+02  0.12670093272421D+01  0.13107862028429D-02 -0.15900490196422D-02  0.94071650713259D-03
 -0.18009785445673D+00  0.22050670269399D+02  0.29435885558786D+01 -0.21796268301228D-03 -0.19134375277476D-03 -0.11644066377553D-03
 -0.19819369360722D+01  0.21843928166977D+02  0.37474728584149D+01 -0.13860059700171D-02 -0.12819441723309D-03 -0.90544589471632D-04
 -0.38517070006846D-01  0.23046209050356D+02  0.11460588308244D+01 -0.72374291029713D-03  0.60195120015732D-03 -0.13979480613478D-02
  0.81117270502575D+00  0.23179651492560D+02  0.43906660533815D+01  0.14136345020341D-03  0.54769332769860D-03  0.11154828660909D-02
  0.13262097815312D+02 -0.10267590664563D+02  0.91310467796853D+01  0.23572878559105D-03  0.47500487846476D-03 -0.16587341724020D-03
  0.12662710316706D+02 -0.85250378557626D+01  0.92835994475856D+01  0.86598457918823D-03  0.23586238196259D-02 -0.14202942090755D-02
  0.15077952007037D+02 -0.10851859156237D+02  0.11026892731708D+02  0.55535172396035D-04  0.16965347589700D-03  0.60101859920374D-03
  0.16897402369085D+02 -0.97485777054796D+01  0.10827528863616D+02 -0.38954781571786D-03  0.54368327777911D-03 -0.21665963902774D-02
  0.15433754873151D+02 -0.12844232090766D+02  0.10983880964502D+02  0.15569405032030D-03 -0.31757567877153D-03  0.14388951486144D-03
  0.14440864887071D+02 -0.10027479495578D+02  0.12922805128972D+02 -0.39451910031296D-03  0.92416714683863D-03  0.77436039549116D-04
  0.16312230438873D+01 -0.15660363913678D+02 -0.38160481294751D+01 -0.11432310874878D-03  0.51386952480177D-04  0.37145656007008D-03
  0.49229170880920D+00 -0.16958492877922D+02 -0.45729762569994D+01  0.22903417903732D-03  0.45666874696168D-03  0.95726022707752D-03
  0.27332346749612D+01 -0.16416228780496D+02 -0.15538582660882D+01  0.24091237268843D-03 -0.27037599747028D-04 -0.44090687861887D-03
  0.37122309466502D+01 -0.14927670721656D+02 -0.60921198732390D+00 -0.24374083778750D-03 -0.14018856237592D-03 -0.15441440680580D-02
  0.41139664971213D+01 -0.17886591598437D+02 -0.18593215094908D+01 -0.46228647796536D-03  0.83516136780426D-03 -0.11954776044358D-03
  0.13771002059434D+01 -0.16831574294111D+02 -0.11090514787532D+00 -0.16168011310141D-02  0.13003798574663D-03  0.23756559942186D-03
 -0.77636200823849D+01 -0.18397618065613D+02  0.10424380204617D+01  0.13997287959149D-03  0.52835855908979D-03  0.24283501437112D-03
 -0.61786975218549D+01 -0.18299762376748D+02  0.13617153227588D+00  0.86003045539546D-03 -0.42125172104739D-03 -0.38194075782325D-03
 -0.81435661756643D+01 -0.20512425552267D+02  0.25334710744641D+01  0.42865104876267D-03  0.20263442791320D-03  0.15564908479944D-03
 -0.76063149886580D+01 -0.22265895938538D+02  0.14901011910408D+01 -0.28041490035749D-03  0.31891295038451D-03  0.39747470941207D-03
 -0.10136725539386D+02 -0.20520813892897D+02  0.24553052671001D+01 -0.67990768972587D-03  0.10410008510217D-02  0.37170157840841D-03
 -0.71244831700427D+01 -0.20823537717411D+02  0.42908592143415D+01  0.19032121995175D-02 -0.16190406945788D-02  0.19970646415648D-04
 -0.73449422316843D+01 -0.11653799076335D+02  0.77209628117751D+00  0.37341103028654D-03  0.23168883107640D-04 -0.21067693659617D-03
 -0.73169753641954D+01 -0.98047972849821D+01  0.74133074167535D+00 -0.28066605314391D-03 -0.10638571691901D-03  0.16395829636968D-02
 -0.54976187603473D+01 -0.12303349474223D+02  0.25820347987565D+01 -0.45840198237316D-03 -0.28652792819065D-04 -0.25582632815235D-04
 -0.51642388384988D+01 -0.14433111133435D+02  0.28640061577327D+01 -0.11177225240339D-02  0.10371250890672D-02  0.60697866448644D-03
 -0.62157601521119D+01 -0.11427457212340D+02  0.43371106242661D+01  0.16475565525720D-02  0.62400999382615D-03 -0.21838842264796D-03
 -0.37266478003880D+01 -0.11578385788054D+02  0.19356929645625D+01 -0.71133242937089D-04  0.17401828747070D-02 -0.15480155075728D-04
 -0.68543593384551D+01 -0.33013177503055D+01  0.12045756333162D+02  0.43756787733990D-04 -0.75416215867562D-05  0.32922264496005D-03
 -0.84824120803791D+01 -0.32895514968704D+01  0.12675199818942D+02  0.65249960772519D-03 -0.56497972261746D-04 -0.60683601161256D-03
 -0.50117244686881D+01 -0.19507515558427D+01  0.13528180004555D+02 -0.31791456489721D-03 -0.98657801660890D-04 -0.17022371496187D-03
 -0.33206637999184D+01 -0.14523976399073D+01  0.12444729302911D+02 -0.33535338753063D-03  0.15758938439917D-02  0.11295238294391D-02
 -0.45039854946337D+01 -0.30626230152826D+01  0.15315035870128D+02 -0.84214234201664D-03 -0.72317733070943D-03  0.77536947159426D-03
 -0.59885489493487D+01 -0.35813923145637D+00  0.14138331751540D+02  0.12129942341471D-02  0.53948194062931D-03 -0.13461553220572D-02
  0.46944055825181D+01 -0.63989725617316D+01  0.44834674207581D+00  0.14993215734751D-03  0.29363369787571D-03 -0.20549124597359D-03
  0.55348656436869D+01 -0.68970131210112D+01  0.21463388050826D+01 -0.89890518365566D-03 -0.13513957493479D-02  0.15178017298591D-03
  0.25574404468690D+01 -0.48188487900895D+01  0.54104459561965D+00 -0.44683453107228D-03 -0.37371307982231D-03 -0.92694151849204D-04
  0.88471569311454D+00 -0.56877579849856D+01  0.11904132964906D+01  0.72449034675201D-03  0.60184312881456D-03  0.33074479697821D-03
  0.25877772031288D+01 -0.42482072527078D+01 -0.13802866672819D+01 -0.70676828725248D-03  0.10092383779095D-02  0.79108999683962D-04
  0.28338495307866D+01 -0.28646617112547D+01  0.14527859891524D+01  0.44823514579133D-03  0.16024738132613D-02 -0.41458141689556D-03
 -0.12896384628039D+02  0.15868719912297D+01 -0.16138316076324D+02 -0.12673843699624D-03 -0.55474617967483D-04 -0.33534459097876D-03
 -0.11186913535747D+02  0.22235714978228D+01 -0.15864871282097D+02  0.22876210010911D-03  0.10361563843879D-02 -0.82503562811181D-03
 -0.12572330003771D+02 -0.16363969564009D+00 -0.18130045813531D+02  0.19175842144144D-03 -0.90898397990184D-04 -0.25684530988575D-03
 -0.12255677577824D+02  0.83801174779257D+00 -0.19866108581503D+02 -0.77495289931949D-04  0.14363496889540D-03  0.12580413712676D-02
 -0.14169001537170D+02 -0.12801624335873D+01 -0.18409163826141D+02  0.18974745986869D-02 -0.63898042393415D-03  0.92293330097014D-04
 -0.10920524850050D+02 -0.13943029636997D+01 -0.17594396065070D+02  0.47098415827517D-03 -0.92465052381686D-03 -0.15484581994882D-03
 -0.17166651889782D+02 -0.20141030406146D+01  0.10928187786871D+02 -0.32161973243952D-03  0.89195461273318D-04 -0.61384003249284D-04
 -0.18811852367319D+02 -0.13703359276307D+01  0.10859846943791D+02  0.20845304231391D-02  0.36054113414960D-03 -0.13870950747503D-03
 -0.16871333238145D+02 -0.44315582934185D+01  0.98032441415698D+01 -0.29265148398955D-03 -0.42505268333547D-03  0.30487429530694D-03
 -0.17949341442069D+02 -0.49664207797251D+01  0.81274876244799D+01  0.90637116403784D-03 -0.49605909874572D-03  0.47573028974758D-03
 -0.17579811455671D+02 -0.57201240785321D+01  0.11375663005605D+02  0.39878543505132D-03 -0.45595052513186D-04 -0.13528411767996D-03
 -0.14754686843790D+02 -0.46796592148438D+01  0.94551286839543D+01  0.58936816423610D-03 -0.95400081073231D-03 -0.72747710931159D-03
 -0.96941669520698D+01  0.18148249431863D+02 -0.71993524992318D+01 -0.60360263990403D-03 -0.20597406441059D-03  0.32574882140404D-03
 -0.11178192098556D+02  0.17997296740601D+02 -0.82386104391760D+01  0.11056853439498D-02  0.39490029511442D-04  0.89136087515306D-03
 -0.96854605893579D+01  0.16534984601169D+02 -0.50930574359231D+01 -0.70320458856502D-04 -0.19514388439999D-04 -0.31471952732632D-04
 -0.79320020979637D+01  0.17259511556383D+02 -0.42274381782414D+01  0.17567661909130D-02  0.66108011014988D-03 -0.89400428469212D-03
 -0.98472576113021D+01  0.14538440497444D+02 -0.55857524467550D+01  0.13463428651234D-02  0.19728282398536D-02  0.20439328382305D-02
 -0.11395059107094D+02  0.17071436203543D+02 -0.40367157240716D+01  0.72341323853480D-03 -0.59556863991264D-04 -0.84278788711114D-04
 -0.25946963951438D+01  0.16463691428204D+02  0.44292658707787D+00  0.43113295447437D-03  0.16764568129607D-03  0.39793769788759D-03
 -0.24092255738148D+01  0.15333293876866D+02  0.17859390109322D+01  0.38576166148962D-03  0.10579638768134D-05 -0.84735402798048D-03
 -0.50345182235287D+01  0.17691734607127D+02  0.65281173211011D+00  0.15009775639530D-03 -0.77232730386823D-04  0.76749525830754D-06
 -0.53283681717855D+01  0.18665922548819D+02 -0.10673996982012D+01  0.26988728668233D-03  0.54713736410140D-04 -0.45518850570107D-03
 -0.50427045371394D+01  0.19021302644039D+02  0.21776726563222D+01 -0.73732789083246D-03  0.78777792545366D-03 -0.18774057586351D-03
 -0.64617496406903D+01  0.16397152228431D+02  0.11102396293056D+01  0.12826275646438D-02 -0.74519839613849D-03 -0.71417343165823D-03
 -0.16950955563957D+02 -0.47906964811490D+01 -0.15342301675850D+01 -0.33546417852236D-03  0.36839381133472D-04 -0.91955322825331D-04
 -0.15226252254532D+02 -0.53780493820447D+01 -0.19957715416348D+01  0.44032324136146D-03 -0.22579331304890D-03 -0.84276746990286D-03
 -0.17031776925451D+02 -0.34760398594499D+01  0.98318085028944D+00 -0.38899088284642D-03  0.10304237333490D-03 -0.13311697144437D-03
 -0.18870503938893D+02 -0.26459057869462D+01  0.14184201151296D+01 -0.20008714545034D-02 -0.25820165888774D-03  0.99694892930888D-03
 -0.15811511422960D+02 -0.17751801235930D+01  0.84702480064881D+00 -0.85333707629344D-04  0.64331857663311D-03  0.15987320850715D-04
 -0.16518344340428D+02 -0.48042804850589D+01  0.25539275514716D+01  0.63971078935820D-03  0.18477192260110D-02  0.55665607091459D-03
  0.66598564400200D-01  0.86490382666154D+01 -0.14239866128651D+02  0.61414067143266D-03  0.41374447085709D-04  0.33884234095733D-03
 -0.72220509009833D+00  0.98607911611806D+01 -0.15332476864709D+02 -0.16875062327346D-03 -0.91515682758901D-03 -0.30081357609138D-03
 -0.14605508383022D+01  0.88147945779458D+01 -0.12050130083313D+02  0.38311821122457D-03 -0.24868373246100D-03 -0.19223652456564D-03
 -0.31336793452436D+01  0.99972118809601D+01 -0.12240815317558D+02  0.34404047501627D-03  0.27849701560951D-03  0.99667903476930D-03
 -0.24280373091450D+00  0.97754364997182D+01 -0.10560760898657D+02  0.50049102073585D-03  0.42055072470003D-03  0.16914214564602D-02
 -0.19650252718886D+01  0.68012954911171D+01 -0.11504801307719D+02 -0.56242393660470D-03  0.82335585433462D-03  0.16365662760932D-02
 -0.85233433862899D+01  0.88768380700817D+01 -0.17283925340923D+02 -0.26555208002359D-03  0.86582579980781D-04 -0.52373347067337D-03
 -0.91727865917284D+01  0.93341165589494D+01 -0.15540384147963D+02 -0.13707996179440D-02 -0.13809416850191D-02 -0.16112819524172D-03
 -0.10135248595029D+02  0.71482795349619D+01 -0.18664060294648D+02  0.18694501277552D-03 -0.10512234294853D-03 -0.18618936400160D-03
 -0.10445999031098D+02  0.78456781622976D+01 -0.20625895042624D+02  0.21958954163959D-03  0.14456330621193D-02 -0.40762265567777D-03
 -0.12109182775746D+02  0.65995826696818D+01 -0.17832150421014D+02  0.53231887853347D-03  0.15968163793587D-02  0.15782006510505D-03
 -0.89927174338975D+01  0.55501165060447D+01 -0.19053196951196D+02 -0.81961642278070D-03  0.17419227538984D-02  0.27291583823215D-03
 -0.12476026446074D+02  0.84921654148286D+01  0.10076646686202D+02  0.20688926055425D-03  0.42142470549518D-04 -0.14657559616264D-03
 -0.12217537726984D+02  0.98021079490302D+01  0.11392141658143D+02  0.10082753323621D-03 -0.85849680203334D-04 -0.14016989361883D-02
 -0.15155107048012D+02  0.78253763938239D+01  0.98952377583316D+01  0.12773419611576D-03  0.22111000440037D-03  0.92827008453942D-04
 -0.16158232487993D+02  0.90286239236446D+01  0.86293565260008D+01 -0.18663071702956D-03 -0.14958752428637D-02  0.54998012242543D-03
 -0.16087462797437D+02  0.83584689633791D+01  0.11797506402794D+02 -0.10904272886216D-02  0.59246573480812D-03 -0.85060120542242D-03
 -0.15276180659728D+02  0.58818756398971D+01  0.98275734586186D+01  0.49584186297688D-03  0.23889899661922D-02  0.35083585952593D-03
  0.14132536117915D+02  0.14367714056631D+02 -0.11698786840321D+02 -0.14481657933695D-03 -0.67525691052786D-04  0.33828769064465D-03
  0.15627163701245D+02  0.13299695011316D+02 -0.11908104430912D+02 -0.37704247557084D-03 -0.74456950537034D-03  0.80495660097197D-03
  0.13286104600662D+02  0.13920096506650D+02 -0.92567925564630D+01 -0.60250006557370D-03  0.18368370728097D-03  0.60909848884472D-04
  0.14719658905548D+02  0.14833974428072D+02 -0.78325916119701D+01  0.23616899846504D-02  0.88542482728270D-03  0.14952707448561D-02
  0.13403858848514D+02  0.11984826665288D+02 -0.86839094720374D+01 -0.47353848864209D-03  0.11106169965705D-02 -0.14964151453388D-02
  0.11493021367046D+02  0.14885020331355D+02 -0.90043541485420D+01  0.22997009517165D-03 -0.20402079607705D-02 -0.30305511522313D-03
  0.21294824103406D+00  0.10413679390124D+02  0.12681671944278D+01 -0.34342029915440D-03 -0.16064421775002D-03 -0.14027076364917D-03
  0.84282923741614D+00  0.11432392824710D+02  0.27297405398449D+01 -0.59870382476055D-03  0.37206067678699D-03  0.15727356059755D-02
  0.17755818892140D-01  0.12310147236559D+02 -0.77377949618924D+00  0.21299446722088D-03  0.40591198093609D-05  0.47846829154407D-03
 -0.20497089277883D+01  0.12679850717748D+02 -0.13805426653605D+01  0.63878855389011D-03 -0.13905293707531D-02 -0.11486769694064D-02
  0.50922853136456D+00  0.11506657297756D+02 -0.26219292860173D+01  0.37972341680852D-03 -0.20752546329238D-03  0.13728919444455D-02
  0.10339137362114D+01  0.14209870881779D+02 -0.70029079946993D+00  0.36399712338419D-03 -0.41886895189410D-04 -0.41194427383481D-03
  0.20858189240132D+02  0.17263155509798D+01  0.69856867275286D+01  0.25109456171434D-03  0.18088927952202D-03 -0.25770325033021D-03
  0.19131823422443D+02  0.89081060178462D+00  0.69168149172697D+01 -0.42815835804481D-03 -0.13845130484002D-02  0.67079051505281D-03
  0.20368259137925D+02  0.41932436984136D+01  0.62418605241061D+01  0.94686251476213D-05 -0.32391370124250D-04  0.28185655445872D-03
  0.19577694438826D+02  0.42140308308883D+01  0.43072253786415D+01  0.20293963030995D-02 -0.19047624585691D-02  0.61142578176561D-03
  0.22212263671433D+02  0.51465439575182D+01  0.64701846532094D+01  0.84855436604865D-03  0.15354276110458D-02 -0.13584725679101D-02
  0.18820472141930D+02  0.50974682359394D+01  0.72611740657958D+01 -0.80900864442557D-03  0.16013047596791D-04  0.10511331961343D-02
  0.15940791273795D+02  0.35800429594390D+01  0.10724861786205D+02  0.41042491606434D-04  0.18433618862166D-03  0.25119636320110D-03
  0.14330537561580D+02  0.44485494415821D+01  0.10474002291196D+02 -0.13397870926671D-03 -0.71042698800838D-03  0.10032179002886D-02
  0.17409158449730D+02  0.46824491682744D+01  0.12846100684412D+02  0.27410402759521D-03 -0.21794509587222D-03  0.20976846554342D-03
  0.18485903204562D+02  0.63971454630470D+01  0.12505828424874D+02  0.79783182360396D-03  0.71703192997513D-03 -0.13483872866292D-02
  0.18599780446397D+02  0.30639567488673D+01  0.13481497721198D+02  0.40533394390300D-03 -0.92832954871331D-03  0.54760570070153D-03
  0.15955157566438D+02  0.52015808665932D+01  0.14242878002858D+02 -0.32697713446712D-05  0.99184749708968D-03  0.13757665443783D-02
 -0.16188653434577D+02 -0.50562745906647D+01 -0.12211797775422D+02 -0.25786478844418D-03 -0.67110562117762D-03  0.90989927384553D-04
 -0.16090764184779D+02 -0.59854779066121D+01 -0.10636038507936D+02  0.75619896018082D-03 -0.72260002552495D-03  0.14199245279835D-02
 -0.15867997439496D+02 -0.66223901845856D+01 -0.14247654194157D+02  0.21822298109118D-03 -0.28762806212404D-03  0.36756799990236D-04
 -0.14186163133652D+02 -0.79641505427710D+01 -0.13982256194498D+02  0.39258499218750D-03  0.42061080407183D-03  0.68488201959928D-03
 -0.15337930883828D+02 -0.53157969585613D+01 -0.15739258005633D+02 -0.30865990386906D-03  0.10254815910169D-02 -0.25535120080021D-03
 -0.17453564390970D+02 -0.80902884425210D+01 -0.14806549459901D+02 -0.66949580332068D-03 -0.66377137745869D-03  0.16478755998738D-03
 -0.13115079776070D+02  0.98689919016484D+01 -0.48833711151893D+01  0.58048095694963D-04  0.19136762988590D-03 -0.19309907115923D-03
 -0.11914952704836D+02  0.85498811949933D+01 -0.48999575788090D+01 -0.86542209203519D-03 -0.42464829563490D-03  0.15502064752749D-02
 -0.15646611861953D+02  0.91279438786776D+01 -0.54940722926735D+01  0.34883568702073D-03 -0.68861560276953D-03  0.57641192478072D-04
 -0.15479147480468D+02  0.78296438130946D+01 -0.72590887256224D+01  0.99868614975728D-03 -0.13931485153823D-03 -0.51040525062475D-03
 -0.16541250811522D+02  0.10984789582706D+02 -0.59741628149031D+01  0.12561769386044D-02 -0.82548452437092D-03  0.14521879042899D-02
 -0.16586371143368D+02  0.78234403088914D+01 -0.40034945707274D+01  0.69340046461673D-04  0.61566078595640D-03 -0.59314141588392D-03
 -0.89844627299519D+01 -0.10727211828730D+02  0.12760013187602D+02  0.14597928866919D-03 -0.18962790717595D-03 -0.56133969285807D-04
 -0.80316795472457D+01 -0.12467875540096D+02  0.12657239514235D+02  0.16310720550926D-02  0.40887335614820D-03 -0.54455885276268D-03
 -0.85470726886695D+01 -0.96967995298661D+01  0.15180757574367D+02 -0.12869789419964D-03  0.14512629397480D-03  0.28777196827890D-03
 -0.93517644937037D+01 -0.10741984135428D+02  0.16479296769449D+02  0.26847848309302D-03  0.11968390962618D-02 -0.49452412108272D-03
 -0.95420880558163D+01 -0.77523884287223D+01  0.15338554362490D+02 -0.29623676362284D-03  0.20534204561442D-02 -0.60319902610877D-03
 -0.64427751772867D+01 -0.92254078115153D+01  0.15388524446203D+02  0.11100247413976D-02  0.29921012588435D-03  0.53987051044831D-03
 -0.52335891085152D+01 -0.13496753233139D+02 -0.15103047991393D+02  0.15333623347017D-03 -0.58702670533366D-04 -0.10252109642833D-03
 -0.64576006209420D+01 -0.13246893388732D+02 -0.13690593732174D+02 -0.18358128740660D-03  0.79489728177521D-03 -0.22503949719721D-03
 -0.28798575258425D+01 -0.13338591889994D+02 -0.13797373420244D+02  0.15024696270614D-03 -0.38044755521457D-04  0.13884439260385D-05
 -0.30076705463769D+01 -0.12188877826669D+02 -0.11999459637790D+02  0.51240471939519D-05 -0.17080173692664D-02 -0.81663862546536D-03
 -0.15803963352249D+01 -0.12320684642211D+02 -0.14843341658144D+02  0.18382418177957D-03 -0.11852132170634D-02 -0.21538885373061D-03
 -0.24949233673302D+01 -0.15196772377017D+02 -0.13001878054244D+02  0.76286948713297D-03  0.12673744619345D-02  0.34597400903381D-03
  0.38981169985547D+01 -0.51141095847039D+01 -0.15873946212552D+02  0.19610101694030D-03  0.49914885781271D-03 -0.24890644951150D-03
  0.49992037898905D+01 -0.57749910975702D+01 -0.14716657223926D+02 -0.70442254880263D-03  0.29039973649750D-02 -0.22110869630562D-02
  0.44956289437177D+01 -0.25522844587603D+01 -0.16217775075682D+02  0.21051983067615D-03 -0.32998101638791D-04  0.37899598494161D-04
  0.66305937323075D+01 -0.22433143889317D+01 -0.16271944309585D+02 -0.39961271929899D-03  0.26977428787514D-03  0.13119242629664D-03
  0.38562271259670D+01 -0.13259975055742D+01 -0.14665735866136D+02  0.54774769357164D-04 -0.95704156965572D-03  0.35362762095822D-03
  0.37793294432366D+01 -0.22145961166059D+01 -0.18293582494320D+02 -0.13358148008899D-02 -0.86048996513462D-03 -0.17425703335306D-03
 -0.15994851193209D+01 -0.15636188689328D+02  0.65251668729735D+01 -0.44619223796646D-03  0.72811878008206D-04  0.18696207735416D-03
 -0.20943582258092D+01 -0.14177159733210D+02  0.53746588954140D+01 -0.79792373089915D-03  0.60743452357668D-03  0.56142121150572D-04
 -0.35413104435522D+01 -0.16163012600498D+02  0.83281528044510D+01  0.58098886812517D-03  0.43787500702664D-04 -0.28694712232660D-03
 -0.48856056163619D+01 -0.17177004774664D+02  0.72516425153550D+01  0.38263289013545D-03 -0.79259828986902D-03  0.51089023546782D-03
 -0.42880820866181D+01 -0.14558878862342D+02  0.92975921592752D+01 -0.75188077170530D-04 -0.25356081681572D-02  0.68847031182759D-04
 -0.25915645596452D+01 -0.17521520449900D+02  0.94863605003930D+01 -0.14749354118853D-02  0.89344486251226D-05 -0.81791451473233D-03
